20221116,09:15:13,57.80,1,79875
20221116,09:15:13,57.60,1,79875
20221116,09:15:13,57.90,125,79875
20221116,09:15:15,60.00,700,79875
20221116,09:15:18,54.60,1300,79875
20221116,09:15:20,60.80,700,79875
20221116,09:15:23,61.35,25,79875
20221116,09:15:25,61.35,175,79875
20221116,09:15:28,58.60,200,79875
20221116,09:15:33,57.00,200,79875
20221116,09:15:35,58.05,25,79875
20221116,09:15:38,58.50,125,79875
20221116,09:15:40,59.45,50,79875
20221116,09:15:48,58.15,300,79875
20221116,09:15:50,57.30,75,79875
20221116,09:15:53,55.50,375,79875
20221116,09:15:55,54.95,50,79875
20221116,09:15:58,55.55,25,79875
20221116,09:16:00,53.25,775,79875
20221116,09:16:03,52.10,25,79875
20221116,09:16:05,52.10,400,79875
20221116,09:16:08,53.45,1000,79875
20221116,09:16:10,54.80,300,79875
20221116,09:16:23,52.80,275,79875
20221116,09:16:28,51.45,325,79875
20221116,09:16:30,50.45,125,79875
20221116,09:16:33,50.45,625,79875
20221116,09:16:35,50.00,950,79875
20221116,09:16:38,49.65,100,79875
20221116,09:16:42,49.65,275,79875
20221116,09:16:45,48.40,275,79875
20221116,09:16:47,48.25,400,79875
20221116,09:16:50,48.45,325,79875
20221116,09:16:52,48.10,25,79875
20221116,09:16:55,48.10,300,79875
20221116,09:17:00,48.05,50,79875
20221116,09:17:02,47.05,625,79875
20221116,09:17:05,46.00,900,79875
20221116,09:17:07,45.65,600,79875
20221116,09:17:10,46.70,325,79875
20221116,09:17:12,46.10,275,79875
20221116,09:17:15,46.80,375,79875
20221116,09:17:17,47.40,350,79875
20221116,09:17:20,47.75,50,79875
20221116,09:17:22,47.85,225,79875
20221116,09:17:25,48.00,150,79875
20221116,09:17:27,48.10,100,80625
20221116,09:17:32,48.05,75,80625
20221116,09:17:35,47.70,75,80625
20221116,09:17:40,48.10,625,80625
20221116,09:17:42,48.90,75,80625
20221116,09:17:45,48.70,75,80625
20221116,09:17:47,49.65,25,80625
20221116,09:17:50,49.90,175,80625
20221116,09:17:52,49.50,175,80625
20221116,09:17:55,49.90,200,80625
20221116,09:17:57,49.75,75,80625
20221116,09:18:00,49.70,25,80625
20221116,09:18:02,49.10,325,80625
20221116,09:18:07,49.60,75,80625
20221116,09:18:15,50.60,50,80625
20221116,09:18:27,51.15,75,80625
20221116,09:18:30,50.75,25,80625
20221116,09:18:32,51.05,125,80625
20221116,09:18:35,51.30,50,80625
20221116,09:18:42,51.70,225,80625
20221116,09:18:45,51.15,150,80625
20221116,09:18:47,51.55,50,80625
20221116,09:18:50,51.80,50,80625
20221116,09:18:52,52.05,125,80625
20221116,09:18:55,51.70,75,80625
20221116,09:18:57,52.10,50,80625
20221116,09:19:05,52.30,75,80625
20221116,09:19:07,51.95,500,80625
20221116,09:19:10,52.00,50,80625
20221116,09:19:17,51.65,50,80625
20221116,09:19:20,51.15,425,80625
20221116,09:19:22,51.40,100,80625
20221116,09:19:27,51.60,75,80625
20221116,09:19:30,51.90,400,80625
20221116,09:19:34,51.60,50,80625
20221116,09:19:36,51.80,175,80625
20221116,09:19:39,52.35,25,80625
20221116,09:19:41,52.75,175,80625
20221116,09:19:44,52.35,75,80625
20221116,09:19:46,52.25,25,80625
20221116,09:19:49,51.60,75,80625
20221116,09:19:54,51.65,25,80625
20221116,09:19:56,51.90,100,80625
20221116,09:20:01,50.70,1750,80625
20221116,09:20:04,49.90,7000,80625
20221116,09:20:06,50.55,625,80625
20221116,09:20:09,51.20,175,80625
20221116,09:20:11,51.80,775,80625
20221116,09:20:14,51.45,25,80625
20221116,09:20:19,51.45,200,80625
20221116,09:20:22,52.05,225,80625
20221116,09:20:24,51.80,150,80625
20221116,09:20:27,52.15,150,80625
20221116,09:20:29,52.70,75,88525
20221116,09:20:32,52.45,75,88525
20221116,09:20:34,52.35,50,88525
20221116,09:20:36,52.00,50,88525
20221116,09:20:44,52.45,250,88525
20221116,09:20:46,52.00,50,88525
20221116,09:20:51,52.05,50,88525
20221116,09:20:54,51.70,175,88525
20221116,09:21:04,51.25,175,88525
20221116,09:21:06,51.30,25,88525
20221116,09:21:11,50.60,25,88525
20221116,09:21:14,50.90,25,88525
20221116,09:21:16,50.65,525,88525
20221116,09:21:19,50.45,75,88525
20221116,09:21:24,50.65,100,88525
20221116,09:21:26,50.30,25,88525
20221116,09:21:29,50.25,75,88525
20221116,09:21:31,50.55,25,88525
20221116,09:21:34,50.50,25,88525
20221116,09:21:36,50.30,125,88525
20221116,09:21:39,50.25,100,88525
20221116,09:21:44,49.80,125,88525
20221116,09:21:49,50.70,75,88525
20221116,09:21:51,50.05,25,88525
20221116,09:21:54,49.80,50,88525
20221116,09:21:56,49.75,100,88525
20221116,09:21:59,50.00,525,88525
20221116,09:22:01,49.65,300,88525
20221116,09:22:04,49.75,75,88525
20221116,09:22:06,49.20,400,88525
20221116,09:22:09,49.95,150,88525
20221116,09:22:11,49.10,75,88525
20221116,09:22:19,49.65,25,88525
20221116,09:22:26,49.25,25,88525
20221116,09:22:29,48.85,50,88525
20221116,09:22:32,48.90,100,88525
20221116,09:22:34,49.05,25,88525
20221116,09:22:39,49.45,150,88525
20221116,09:22:42,50.00,1050,88525
20221116,09:22:44,49.65,125,88525
20221116,09:22:47,49.50,200,88525
20221116,09:22:49,49.20,450,88525
20221116,09:22:52,49.00,250,88525
20221116,09:22:54,49.00,25,88525
20221116,09:22:57,49.20,25,88525
20221116,09:23:04,49.40,175,88525
20221116,09:23:17,50.60,25,88525
20221116,09:23:27,50.85,75,88525
20221116,09:23:32,49.70,50,87650
20221116,09:23:34,50.05,75,87650
20221116,09:23:36,50.25,25,87650
20221116,09:23:39,50.20,25,87650
20221116,09:23:49,50.05,25,87650
20221116,09:24:06,50.00,75,87650
20221116,09:24:09,50.55,25,87650
20221116,09:24:11,51.05,150,87650
20221116,09:24:14,50.80,75,87650
20221116,09:24:16,51.05,25,87650
20221116,09:24:19,50.90,25,87650
20221116,09:24:21,51.15,250,87650
20221116,09:24:26,51.10,25,87650
20221116,09:24:36,50.95,100,87650
20221116,09:24:39,51.30,25,87650
20221116,09:24:44,51.00,25,87650
20221116,09:24:47,50.70,50,87650
20221116,09:24:49,50.95,75,87650
20221116,09:24:54,50.65,125,87650
20221116,09:24:57,50.65,25,87650
20221116,09:25:02,50.20,25,87650
20221116,09:25:29,50.45,25,87650
20221116,09:25:32,50.15,2025,87650
20221116,09:25:34,50.55,50,87650
20221116,09:25:39,49.90,50,87650
20221116,09:25:42,49.75,775,87650
20221116,09:25:44,49.55,500,87650
20221116,09:25:49,49.75,50,87650
20221116,09:25:52,49.20,175,87650
20221116,09:25:59,49.75,75,87650
20221116,09:26:02,49.65,25,87650
20221116,09:26:04,49.75,150,87650
20221116,09:26:07,49.95,25,87650
20221116,09:26:09,50.20,500,87650
20221116,09:26:17,50.70,100,87650
20221116,09:26:29,52.00,100,86100
20221116,09:26:37,51.90,100,86100
20221116,09:26:39,52.10,50,86100
20221116,09:26:42,51.80,50,86100
20221116,09:26:52,52.15,100,86100
20221116,09:27:02,51.50,200,86100
20221116,09:27:12,51.50,25,86100
20221116,09:27:17,51.70,25,86100
20221116,09:27:24,51.75,50,86100
20221116,09:27:27,51.70,200,86100
20221116,09:27:29,51.35,700,86100
20221116,09:27:34,51.25,50,86100
20221116,09:27:37,52.15,300,86100
20221116,09:27:44,52.00,25,86100
20221116,09:27:47,52.00,25,86100
20221116,09:27:57,51.30,25,86100
20221116,09:28:02,51.15,100,86100
20221116,09:28:07,51.30,2400,86100
20221116,09:28:14,51.80,25,86100
20221116,09:28:17,51.45,125,86100
20221116,09:28:22,51.50,25,86100
20221116,09:28:27,51.25,25,86100
20221116,09:28:29,51.40,2125,86100
20221116,09:28:37,51.05,75,86100
20221116,09:28:42,51.10,25,86100
20221116,09:28:47,51.00,150,86100
20221116,09:28:54,51.00,25,86100
20221116,09:28:57,51.20,125,86100
20221116,09:28:59,51.55,50,86100
20221116,09:29:02,51.35,200,86100
20221116,09:29:04,51.30,25,86100
20221116,09:29:07,51.00,200,86100
20221116,09:29:09,50.95,50,86100
20221116,09:29:19,50.95,25,86100
20221116,09:29:24,50.50,150,86100
20221116,09:29:27,50.35,3000,86100
20221116,09:29:29,50.20,1800,83475
20221116,09:29:32,50.20,200,83475
20221116,09:29:34,50.60,25,83475
20221116,09:29:39,50.20,50,83475
20221116,09:29:49,50.60,25,83475
20221116,09:29:52,50.65,250,83475
20221116,09:29:57,50.20,100,83475
20221116,09:30:02,49.35,4700,83475
20221116,09:30:04,50.60,3200,83475
20221116,09:30:07,50.10,750,83475
20221116,09:30:09,50.10,250,83475
20221116,09:30:27,49.90,700,83475
20221116,09:30:32,49.95,175,83475
20221116,09:30:34,49.90,50,83475
20221116,09:30:37,49.70,75,83475
20221116,09:30:39,49.45,100,83475
20221116,09:30:44,49.30,25,83475
20221116,09:30:47,49.45,250,83475
20221116,09:30:49,49.05,100,83475
20221116,09:30:57,49.35,25,83475
20221116,09:31:02,49.05,150,83475
20221116,09:31:04,48.85,950,83475
20221116,09:31:07,49.35,250,83475
20221116,09:31:09,49.00,250,83475
20221116,09:31:12,49.30,150,83475
20221116,09:31:14,49.45,50,83475
20221116,09:31:17,49.45,25,83475
20221116,09:31:19,49.45,25,83475
20221116,09:31:24,49.25,400,83475
20221116,09:31:27,48.90,100,83475
20221116,09:31:29,49.15,125,83475
20221116,09:31:34,49.05,25,83475
20221116,09:31:37,49.25,75,83475
20221116,09:31:42,49.05,100,83475
20221116,09:31:49,49.05,25,83475
20221116,09:31:52,49.20,150,83475
20221116,09:31:59,49.55,25,83475
20221116,09:32:02,48.90,25,83475
20221116,09:32:07,48.90,25,83475
20221116,09:32:12,49.20,25,83475
20221116,09:32:17,48.90,25,83475
20221116,09:32:22,48.75,25,83475
20221116,09:32:24,48.90,200,83475
20221116,09:32:34,48.90,50,91600
20221116,09:32:37,49.00,525,91600
20221116,09:32:44,48.65,75,91600
20221116,09:32:49,49.00,25,91600
20221116,09:32:52,49.05,100,91600
20221116,09:32:57,49.40,175,91600
20221116,09:32:59,49.35,350,91600
20221116,09:33:07,49.05,350,91600
20221116,09:33:17,49.00,175,91600
20221116,09:33:19,49.10,50,91600
20221116,09:33:22,49.40,950,91600
20221116,09:33:24,49.80,25,91600
20221116,09:33:27,49.70,25,91600
20221116,09:33:32,50.00,100,91600
20221116,09:33:34,49.75,125,91600
20221116,09:33:37,49.90,75,91600
20221116,09:33:40,49.95,325,91600
20221116,09:34:00,48.80,125,91600
20221116,09:34:02,48.65,25,91600
20221116,09:34:10,48.45,200,91600
20221116,09:34:20,48.50,900,91600
20221116,09:34:25,48.70,150,91600
20221116,09:34:27,48.25,225,91600
20221116,09:34:37,48.20,50,91600
20221116,09:34:39,48.60,200,91600
20221116,09:34:52,48.40,100,91600
20221116,09:35:04,48.15,25,91600
20221116,09:35:07,47.65,300,91600
20221116,09:35:09,47.50,100,91600
20221116,09:35:12,48.15,250,91600
20221116,09:35:17,48.30,400,91600
20221116,09:35:24,47.65,175,91600
20221116,09:35:29,47.95,625,91600
20221116,09:35:34,48.40,100,91600
20221116,09:35:37,48.25,900,91600
20221116,09:35:39,48.50,25,91600
20221116,09:35:42,48.75,275,91600
20221116,09:35:44,48.75,75,91600
20221116,09:35:47,48.70,50,91600
20221116,09:35:50,49.05,75,91600
20221116,09:35:55,49.75,125,91600
20221116,09:35:57,49.90,100,91600
20221116,09:36:00,49.65,25,91600
20221116,09:36:02,49.65,100,91600
20221116,09:36:15,49.50,25,91600
20221116,09:36:17,49.75,25,91600
20221116,09:36:20,50.00,75,91600
20221116,09:36:25,50.15,50,91600
20221116,09:36:27,49.95,25,91600
20221116,09:36:30,50.30,75,91600
20221116,09:36:35,50.20,25,91600
20221116,09:36:37,50.00,50,91600
20221116,09:36:52,50.60,50,91600
20221116,09:36:55,50.50,500,91600
20221116,09:36:57,50.35,125,91600
20221116,09:37:00,50.30,75,91600
20221116,09:37:05,50.30,25,91600
20221116,09:37:07,50.25,75,91600
20221116,09:37:10,50.10,25,91600
20221116,09:37:25,50.05,200,91600
20221116,09:37:30,50.15,25,91600
20221116,09:37:32,49.70,125,91600
20221116,09:37:39,50.30,25,91600
20221116,09:37:42,50.15,50,91600
20221116,09:37:44,50.55,25,91600
20221116,09:37:47,50.55,75,91600
20221116,09:37:52,50.75,25,91600
20221116,09:37:57,50.85,450,91600
20221116,09:37:59,50.95,325,91600
20221116,09:38:02,50.80,50,91600
20221116,09:38:07,51.70,75,91600
20221116,09:38:10,51.65,175,91600
20221116,09:38:12,51.95,75,91600
20221116,09:38:15,51.90,25,91600
20221116,09:38:17,52.00,525,91600
20221116,09:38:20,51.95,775,91600
20221116,09:38:22,52.00,25,91600
20221116,09:38:32,52.30,100,89775
20221116,09:38:35,52.15,450,89775
20221116,09:38:40,53.50,825,89775
20221116,09:38:42,53.45,700,89775
20221116,09:38:45,53.55,175,89775
20221116,09:38:47,53.65,150,89775
20221116,09:38:50,54.20,50,89775
20221116,09:38:52,54.60,175,89775
20221116,09:38:55,54.40,50,89775
20221116,09:38:57,54.10,475,89775
20221116,09:39:00,53.70,300,89775
20221116,09:39:02,53.75,75,89775
20221116,09:39:05,53.50,1050,89775
20221116,09:39:07,53.70,600,89775
20221116,09:39:10,53.10,25,89775
20221116,09:39:12,53.40,25,89775
20221116,09:39:15,53.15,275,89775
20221116,09:39:17,53.10,75,89775
20221116,09:39:20,53.25,50,89775
20221116,09:39:22,53.55,50,89775
20221116,09:39:25,53.50,25,89775
20221116,09:39:27,53.60,100,89775
20221116,09:39:30,53.80,425,89775
20221116,09:39:32,53.75,25,89775
20221116,09:39:35,53.70,25,89775
20221116,09:39:37,53.55,1125,89775
20221116,09:39:40,53.65,125,89775
20221116,09:39:45,53.85,75,89775
20221116,09:39:47,53.95,50,89775
20221116,09:39:55,53.70,25,89775
20221116,09:40:02,54.05,25,89775
20221116,09:40:05,53.60,50,89775
20221116,09:40:07,53.60,25,89775
20221116,09:40:13,53.15,25,89775
20221116,09:40:18,53.35,25,89775
20221116,09:40:20,53.30,75,89775
20221116,09:40:23,53.90,25,89775
20221116,09:40:25,54.35,200,89775
20221116,09:40:28,55.00,625,89775
20221116,09:40:30,55.00,25,89775
20221116,09:40:32,55.05,75,89775
20221116,09:40:35,63.75,12725,89775
20221116,09:40:37,59.30,1675,89775
20221116,09:40:40,58.55,125,89775
20221116,09:40:42,58.40,275,89775
20221116,09:40:45,58.45,475,89775
20221116,09:40:47,57.45,100,89775
20221116,09:40:50,57.55,25,89775
20221116,09:40:52,56.05,425,89775
20221116,09:40:55,56.45,425,89775
20221116,09:40:57,56.95,225,89775
20221116,09:41:00,57.20,200,89775
20221116,09:41:02,57.35,450,89775
20221116,09:41:05,57.90,25,89775
20221116,09:41:07,58.15,75,89775
20221116,09:41:10,58.00,375,89775
20221116,09:41:12,57.90,75,89775
20221116,09:41:15,57.70,500,89775
20221116,09:41:17,57.30,650,89775
20221116,09:41:20,57.40,900,89775
20221116,09:41:25,57.25,75,89775
20221116,09:41:27,57.25,50,89775
20221116,09:41:30,57.35,100,89775
20221116,09:41:35,56.05,500,87300
20221116,09:41:42,56.20,100,87300
20221116,09:41:45,55.85,75,87300
20221116,09:41:47,56.50,825,87300
20221116,09:41:50,56.50,300,87300
20221116,09:41:52,56.60,25,87300
20221116,09:41:55,56.40,300,87300
20221116,09:42:00,55.75,150,87300
20221116,09:42:02,55.60,50,87300
20221116,09:42:05,55.50,25,87300
20221116,09:42:07,55.45,25,87300
20221116,09:42:10,55.45,200,87300
20221116,09:42:15,54.65,625,87300
20221116,09:42:17,54.95,75,87300
20221116,09:42:25,53.90,50,87300
20221116,09:42:27,54.60,100,87300
20221116,09:42:32,54.95,25,87300
20221116,09:42:35,54.40,75,87300
20221116,09:42:40,53.80,50,87300
20221116,09:42:50,53.15,50,87300
20221116,09:42:57,52.45,25,87300
20221116,09:43:02,51.80,175,87300
20221116,09:43:05,51.90,75,87300
20221116,09:43:07,52.10,125,87300
20221116,09:43:15,52.50,75,87300
20221116,09:43:25,52.65,75,87300
20221116,09:43:32,52.20,75,87300
20221116,09:43:35,51.95,25,87300
20221116,09:43:37,51.85,25,87300
20221116,09:43:47,52.20,75,87300
20221116,09:43:57,52.00,100,87300
20221116,09:44:00,51.85,50,87300
20221116,09:44:02,52.20,25,87300
20221116,09:44:07,52.00,25,87300
20221116,09:44:15,51.60,75,87300
20221116,09:44:17,51.30,50,87300
20221116,09:44:22,51.00,500,87300
20221116,09:44:25,50.70,25,87300
20221116,09:44:30,50.90,50,87300
20221116,09:44:40,51.35,25,87400
20221116,09:44:45,51.10,50,87400
20221116,09:44:53,50.45,275,87400
20221116,09:44:55,50.70,25,87400
20221116,09:45:00,50.95,25,87400
20221116,09:45:08,50.85,125,87400
20221116,09:45:10,51.10,125,87400
20221116,09:45:13,50.85,150,87400
20221116,09:45:18,51.00,1050,87400
20221116,09:45:20,51.05,50,87400
20221116,09:45:23,50.70,25,87400
20221116,09:45:28,51.35,125,87400
20221116,09:45:35,50.80,25,87400
20221116,09:45:37,50.80,25,87400
20221116,09:45:42,51.00,225,87400
20221116,09:45:45,51.15,325,87400
20221116,09:45:47,51.55,25,87400
20221116,09:45:52,52.00,25,87400
20221116,09:45:57,51.85,25,87400
20221116,09:46:02,51.75,25,87400
20221116,09:46:07,50.65,75,87400
20221116,09:46:10,50.75,25,87400
20221116,09:46:12,51.35,200,87400
20221116,09:46:20,51.50,25,87400
20221116,09:46:22,51.80,25,87400
20221116,09:46:27,51.45,125,87400
20221116,09:46:35,51.50,25,87400
20221116,09:46:40,51.45,25,87400
20221116,09:46:42,51.55,50,87400
20221116,09:46:47,51.90,50,87400
20221116,09:46:55,51.80,25,87400
20221116,09:47:02,51.55,75,87400
20221116,09:47:05,51.50,25,87400
20221116,09:47:07,51.45,50,87400
20221116,09:47:10,51.00,150,87400
20221116,09:47:15,50.65,50,87400
20221116,09:47:17,50.70,50,87400
20221116,09:47:20,50.65,25,87400
20221116,09:47:25,50.55,125,87400
20221116,09:47:27,50.35,250,87400
20221116,09:47:30,49.95,850,87400
20221116,09:47:32,49.80,50,87450
20221116,09:47:35,49.65,50,87450
20221116,09:47:37,49.60,25,87450
20221116,09:47:40,49.80,925,87450
20221116,09:47:42,50.75,450,87450
20221116,09:47:47,49.90,175,87450
20221116,09:47:55,50.55,950,87450
20221116,09:47:57,50.50,25,87450
20221116,09:48:00,50.25,125,87450
20221116,09:48:02,50.05,50,87450
20221116,09:48:05,50.15,300,87450
20221116,09:48:07,49.85,250,87450
20221116,09:48:10,50.00,250,87450
20221116,09:48:12,49.85,125,87450
20221116,09:48:15,50.15,50,87450
20221116,09:48:20,50.20,25,87450
20221116,09:48:22,50.25,25,87450
20221116,09:48:25,50.40,100,87450
20221116,09:48:27,50.25,25,87450
20221116,09:48:30,50.15,25,87450
20221116,09:48:37,50.45,25,87450
20221116,09:48:40,51.20,150,87450
20221116,09:48:42,51.05,100,87450
20221116,09:48:45,51.35,25,87450
20221116,09:48:47,50.55,225,87450
20221116,09:48:50,50.55,25,87450
20221116,09:48:57,50.75,50,87450
20221116,09:49:00,50.90,25,87450
20221116,09:49:02,50.90,525,87450
20221116,09:49:05,50.55,25,87450
20221116,09:49:07,50.15,200,87450
20221116,09:49:12,50.70,750,87450
20221116,09:49:15,50.55,25,87450
20221116,09:49:20,50.70,150,87450
20221116,09:49:23,50.20,50,87450
20221116,09:49:25,50.35,100,87450
20221116,09:49:28,50.65,100,87450
20221116,09:49:30,50.10,25,87450
20221116,09:49:35,50.50,50,87450
20221116,09:49:40,50.55,625,87450
20221116,09:49:42,50.30,900,87450
20221116,09:49:50,50.20,25,87450
20221116,09:49:52,50.25,25,87450
20221116,09:49:55,50.40,50,87450
20221116,09:49:57,50.70,125,87450
20221116,09:50:07,50.40,100,87450
20221116,09:50:15,51.25,675,87450
20221116,09:50:17,50.90,50,87450
20221116,09:50:20,51.10,25,87450
20221116,09:50:22,50.70,25,87450
20221116,09:50:25,50.70,25,87450
20221116,09:50:27,50.65,125,87450
20221116,09:50:30,50.80,75,87450
20221116,09:50:37,51.20,25,89325
20221116,09:50:45,51.55,75,89325
20221116,09:50:55,51.75,75,89325
20221116,09:51:00,51.90,50,89325
20221116,09:51:02,51.60,25,89325
20221116,09:51:05,51.85,50,89325
20221116,09:51:07,51.80,150,89325
20221116,09:51:10,51.90,25,89325
20221116,09:51:25,52.25,50,89325
20221116,09:51:32,52.25,25,89325
20221116,09:51:37,52.40,50,89325
20221116,09:51:40,52.05,75,89325
20221116,09:51:42,52.15,25,89325
20221116,09:51:45,52.20,525,89325
20221116,09:51:47,51.70,25,89325
20221116,09:51:52,51.80,25,89325
20221116,09:51:57,51.60,25,89325
20221116,09:52:05,51.70,25,89325
20221116,09:52:12,52.00,25,89325
20221116,09:52:15,52.50,100,89325
20221116,09:52:22,52.50,25,89325
20221116,09:52:25,52.60,25,89325
20221116,09:52:27,52.90,25,89325
20221116,09:52:37,52.20,25,89325
20221116,09:52:40,52.40,25,89325
20221116,09:52:42,52.45,25,89325
20221116,09:52:45,53.05,75,89325
20221116,09:52:47,52.65,25,89325
20221116,09:52:50,52.80,325,89325
20221116,09:52:52,52.35,175,89325
20221116,09:52:55,52.45,25,89325
20221116,09:53:00,52.40,50,89325
20221116,09:53:02,52.95,150,89325
20221116,09:53:05,52.85,25,89325
20221116,09:53:10,53.85,425,89325
20221116,09:53:12,53.55,25,89325
20221116,09:53:15,53.80,100,89325
20221116,09:53:20,53.95,25,89325
20221116,09:53:22,53.65,50,89325
20221116,09:53:25,53.60,25,89325
20221116,09:53:28,53.25,75,89325
20221116,09:53:30,53.45,25,89325
20221116,09:53:35,53.25,75,89850
20221116,09:53:38,53.30,75,89850
20221116,09:53:40,53.45,50,89850
20221116,09:53:45,53.45,50,89850
20221116,09:53:48,53.35,25,89850
20221116,09:53:50,53.65,375,89850
20221116,09:53:53,53.00,100,89850
20221116,09:53:55,53.00,75,89850
20221116,09:54:03,53.75,300,89850
20221116,09:54:05,53.40,125,89850
20221116,09:54:08,53.60,100,89850
20221116,09:54:15,53.55,275,89850
20221116,09:54:18,53.85,100,89850
20221116,09:54:20,54.05,25,89850
20221116,09:54:25,54.65,150,89850
20221116,09:54:28,54.10,50,89850
20221116,09:54:33,54.40,25,89850
20221116,09:54:35,54.70,100,89850
20221116,09:54:40,53.95,25,89850
20221116,09:54:43,54.35,400,89850
20221116,09:54:53,54.25,25,89850
20221116,09:55:00,54.30,100,89850
20221116,09:55:05,54.20,125,89850
20221116,09:55:10,55.25,150,89850
20221116,09:55:13,55.85,75,89850
20221116,09:55:15,55.65,75,89850
20221116,09:55:18,55.00,25,89850
20221116,09:55:20,55.05,25,89850
20221116,09:55:25,54.75,150,89850
20221116,09:55:28,54.95,25,89850
20221116,09:55:35,54.70,200,89850
20221116,09:55:43,55.30,150,89850
20221116,09:55:45,54.50,100,89850
20221116,09:55:48,54.75,25,89850
20221116,09:55:50,54.85,50,89850
20221116,09:55:53,54.70,450,89850
20221116,09:55:55,54.65,800,89850
20221116,09:55:58,53.75,25,89850
20221116,09:56:00,53.90,200,89850
20221116,09:56:03,54.05,100,89850
20221116,09:56:08,54.45,25,89850
20221116,09:56:10,54.80,425,89850
20221116,09:56:13,54.65,50,89850
20221116,09:56:20,54.85,75,89850
20221116,09:56:23,55.45,475,89850
20221116,09:56:25,55.65,125,89850
20221116,09:56:28,55.95,550,89850
20221116,09:56:33,55.85,150,89850
20221116,09:56:35,55.80,75,92600
20221116,09:56:38,56.05,100,92600
20221116,09:56:40,56.00,125,92600
20221116,09:56:43,56.05,25,92600
20221116,09:56:45,56.00,25,92600
20221116,09:56:48,55.95,50,92600
20221116,09:56:50,55.80,225,92600
20221116,09:56:53,55.65,25,92600
20221116,09:56:55,55.80,100,92600
20221116,09:57:00,55.50,100,92600
20221116,09:57:03,55.20,50,92600
20221116,09:57:18,56.20,50,92600
20221116,09:57:20,56.55,500,92600
20221116,09:57:23,56.25,25,92600
20221116,09:57:32,56.75,400,92600
20221116,09:57:35,56.90,150,92600
20221116,09:57:42,56.45,50,92600
20221116,09:57:47,56.65,200,92600
20221116,09:58:00,56.85,75,92600
20221116,09:58:05,57.35,25,92600
20221116,09:58:08,57.90,375,92600
20221116,09:58:10,58.00,25,92600
20221116,09:58:13,57.45,225,92600
20221116,09:58:28,59.00,325,92600
20221116,09:58:30,59.05,50,92600
20221116,09:58:35,59.20,550,92600
20221116,09:58:38,60.00,600,92600
20221116,09:58:43,60.00,1675,92600
20221116,09:58:45,59.80,150,92600
20221116,09:58:50,59.70,25,92600
20221116,09:58:53,59.50,975,92600
20221116,09:58:55,59.90,1825,92600
20221116,09:58:58,59.85,50,92600
20221116,09:59:00,60.15,300,92600
20221116,09:59:03,60.20,25,92600
20221116,09:59:08,60.10,2000,92600
20221116,09:59:10,60.00,75,92600
20221116,09:59:13,60.00,175,92600
20221116,09:59:18,60.00,600,92600
20221116,09:59:20,59.70,450,92600
20221116,09:59:25,60.15,150,92600
20221116,09:59:30,59.40,100,92600
20221116,09:59:33,59.20,75,92600
20221116,09:59:38,58.80,250,99000
20221116,09:59:40,58.25,25,99000
20221116,09:59:43,58.30,275,99000
20221116,09:59:48,58.70,25,99000
20221116,09:59:50,58.80,100,99000
20221116,09:59:53,59.05,200,99000
20221116,09:59:55,59.20,100,99000
20221116,09:59:58,59.20,300,99000
20221116,10:00:00,59.05,250,99000
20221116,10:00:03,58.95,7750,99000
20221116,10:00:05,58.85,250,99000
20221116,10:00:13,58.15,900,99000
20221116,10:00:15,58.15,400,99000
20221116,10:00:30,57.60,50,99000
20221116,10:00:38,57.60,50,99000
20221116,10:00:40,58.20,400,99000
20221116,10:00:45,58.25,250,99000
20221116,10:00:48,58.80,200,99000
20221116,10:00:50,59.00,250,99000
20221116,10:00:53,59.35,200,99000
20221116,10:00:55,59.35,50,99000
20221116,10:00:58,60.30,275,99000
20221116,10:01:00,61.20,900,99000
20221116,10:01:03,61.60,775,99000
20221116,10:01:05,62.75,7825,99000
20221116,10:01:08,62.75,450,99000
20221116,10:01:10,61.95,125,99000
20221116,10:01:13,62.15,25,99000
20221116,10:01:15,61.30,125,99000
20221116,10:01:18,61.10,125,99000
20221116,10:01:20,61.20,200,99000
20221116,10:01:23,61.70,300,99000
20221116,10:01:25,61.80,225,99000
20221116,10:01:28,61.95,225,99000
20221116,10:01:30,61.95,75,99000
20221116,10:01:33,61.95,125,99000
20221116,10:01:38,61.15,250,99000
20221116,10:01:40,60.85,200,99000
20221116,10:01:45,59.80,125,99000
20221116,10:01:55,58.75,275,99000
20221116,10:01:58,58.00,125,99000
20221116,10:02:00,57.75,75,99000
20221116,10:02:05,57.80,25,99000
20221116,10:02:10,57.75,25,99000
20221116,10:02:13,57.30,575,99000
20221116,10:02:15,57.30,25,99000
20221116,10:02:23,57.70,25,99000
20221116,10:02:25,57.75,50,99000
20221116,10:02:30,57.95,375,99000
20221116,10:02:33,58.20,50,99000
20221116,10:02:35,57.90,25,103475
20221116,10:02:38,57.70,25,103475
20221116,10:02:40,57.15,25,103475
20221116,10:02:53,57.65,50,103475
20221116,10:02:58,57.55,50,103475
20221116,10:03:00,57.70,100,103475
20221116,10:03:03,57.70,75,103475
20221116,10:03:13,57.45,250,103475
20221116,10:03:18,57.65,125,103475
20221116,10:03:20,57.70,125,103475
20221116,10:03:30,58.95,325,103475
20221116,10:03:33,59.15,25,103475
20221116,10:03:38,58.70,25,103475
20221116,10:03:53,59.20,125,103475
20221116,10:03:55,59.30,50,103475
20221116,10:03:58,59.40,25,103475
20221116,10:04:03,58.75,125,103475
20221116,10:04:05,58.95,150,103475
20221116,10:04:08,58.90,25,103475
20221116,10:04:13,58.40,150,103475
20221116,10:04:15,58.60,325,103475
20221116,10:04:20,59.60,100,103475
20221116,10:04:23,60.05,25,103475
20221116,10:04:25,60.50,325,103475
20221116,10:04:30,59.75,575,103475
20221116,10:04:33,59.55,25,103475
20221116,10:04:38,59.65,25,103475
20221116,10:04:40,59.75,25,103475
20221116,10:04:43,60.25,175,103475
20221116,10:04:45,60.20,50,103475
20221116,10:04:48,60.50,25,103475
20221116,10:04:50,60.45,25,103475
20221116,10:04:53,60.10,200,103475
20221116,10:04:55,59.80,75,103475
20221116,10:04:58,59.85,175,103475
20221116,10:05:03,60.60,200,103475
20221116,10:05:05,61.35,2575,103475
20221116,10:05:08,61.35,2000,103475
20221116,10:05:10,61.75,50,103475
20221116,10:05:13,61.30,450,103475
20221116,10:05:15,61.70,75,103475
20221116,10:05:20,62.25,150,103475
20221116,10:05:23,62.55,400,103475
20221116,10:05:25,63.05,125,103475
20221116,10:05:28,62.80,50,103475
20221116,10:05:35,62.65,25,103475
20221116,10:05:38,62.15,25,109400
20221116,10:05:45,61.55,525,109400
20221116,10:05:48,61.65,100,109400
20221116,10:05:50,62.05,125,109400
20221116,10:05:53,62.30,25,109400
20221116,10:06:00,64.70,1250,109400
20221116,10:06:03,64.70,100,109400
20221116,10:06:05,65.70,125,109400
20221116,10:06:10,65.70,25,109400
20221116,10:06:15,65.50,125,109400
20221116,10:06:18,65.80,250,109400
20221116,10:06:20,65.95,150,109400
20221116,10:06:23,65.40,125,109400
20221116,10:06:25,65.40,400,109400
20221116,10:06:28,64.45,325,109400
20221116,10:06:30,64.35,50,109400
20221116,10:06:38,64.05,900,109400
20221116,10:06:40,63.95,75,109400
20221116,10:06:46,64.50,700,109400
20221116,10:06:48,64.95,225,109400
20221116,10:06:51,64.45,25,109400
20221116,10:06:56,63.50,200,109400
20221116,10:06:58,63.80,200,109400
20221116,10:07:01,63.85,150,109400
20221116,10:07:03,64.10,250,109400
20221116,10:07:06,64.95,625,109400
20221116,10:07:08,64.95,25,109400
20221116,10:07:11,64.65,150,109400
20221116,10:07:18,64.80,50,109400
20221116,10:07:21,64.65,300,109400
20221116,10:07:28,64.25,25,109400
20221116,10:07:33,64.10,50,109400
20221116,10:07:35,64.35,150,109400
20221116,10:07:38,64.65,50,109400
20221116,10:07:40,64.85,100,109400
20221116,10:07:43,64.85,150,109400
20221116,10:07:45,65.00,25,109400
20221116,10:07:48,65.55,150,109400
20221116,10:08:00,65.80,375,109400
20221116,10:08:03,65.90,525,109400
20221116,10:08:05,66.20,75,109400
20221116,10:08:08,67.70,200,109400
20221116,10:08:10,67.30,25,109400
20221116,10:08:15,65.95,300,109400
20221116,10:08:20,66.30,175,109400
20221116,10:08:23,66.50,125,109400
20221116,10:08:25,65.80,75,109400
20221116,10:08:28,66.30,25,109400
20221116,10:08:30,65.45,25,109400
20221116,10:08:33,65.70,25,109400
20221116,10:08:50,67.00,50,113150
20221116,10:08:58,66.70,175,113150
20221116,10:09:00,66.95,200,113150
20221116,10:09:03,67.30,200,113150
20221116,10:09:05,67.30,25,113150
20221116,10:09:18,66.00,200,113150
20221116,10:09:23,65.90,250,113150
20221116,10:09:25,65.55,325,113150
20221116,10:09:28,65.40,1500,113150
20221116,10:09:30,65.15,2225,113150
20221116,10:09:36,65.25,100,113150
20221116,10:09:41,64.75,25,113150
20221116,10:09:48,64.85,500,113150
20221116,10:09:56,64.95,100,113150
20221116,10:09:58,65.10,175,113150
20221116,10:10:01,64.40,225,113150
20221116,10:10:03,64.55,150,113150
20221116,10:10:06,64.35,75,113150
20221116,10:10:11,64.10,300,113150
20221116,10:10:13,63.10,225,113150
20221116,10:10:16,62.95,275,113150
20221116,10:10:21,61.45,2000,113150
20221116,10:10:23,61.80,75,113150
20221116,10:10:26,62.30,175,113150
20221116,10:10:31,62.80,100,113150
20221116,10:10:33,63.05,300,113150
20221116,10:10:35,63.55,25,113150
20221116,10:10:38,63.70,175,113150
20221116,10:10:40,63.85,100,113150
20221116,10:10:43,63.70,25,113150
20221116,10:10:45,63.85,50,113150
20221116,10:10:53,63.60,25,113150
20221116,10:10:55,63.60,225,113150
20221116,10:11:00,63.70,25,113150
20221116,10:11:11,63.45,300,113150
20221116,10:11:13,63.30,50,113150
20221116,10:11:16,63.00,25,113150
20221116,10:11:18,63.50,225,113150
20221116,10:11:21,63.45,100,113150
20221116,10:11:23,63.20,50,113150
20221116,10:11:26,62.95,300,113150
20221116,10:11:28,63.00,100,113150
20221116,10:11:31,62.95,225,113150
20221116,10:11:33,63.10,350,113150
20221116,10:11:36,63.45,975,112400
20221116,10:11:38,63.60,275,112400
20221116,10:11:41,63.35,75,112400
20221116,10:11:46,62.50,150,112400
20221116,10:11:51,63.20,25,112400
20221116,10:11:53,62.30,75,112400
20221116,10:11:56,62.40,50,112400
20221116,10:12:01,62.30,100,112400
20221116,10:12:06,62.85,275,112400
20221116,10:12:08,62.45,150,112400
20221116,10:12:11,62.70,25,112400
20221116,10:12:13,62.75,350,112400
20221116,10:12:18,63.00,100,112400
20221116,10:12:31,65.00,50,112400
20221116,10:12:33,64.60,50,112400
20221116,10:12:36,64.85,50,112400
20221116,10:12:38,64.35,75,112400
20221116,10:12:41,63.60,75,112400
20221116,10:12:46,63.45,100,112400
20221116,10:12:51,63.10,375,112400
20221116,10:12:56,62.30,350,112400
20221116,10:13:01,62.25,125,112400
20221116,10:13:03,62.75,350,112400
20221116,10:13:06,63.40,150,112400
20221116,10:13:13,62.55,50,112400
20221116,10:13:16,63.20,50,112400
20221116,10:13:18,63.30,100,112400
20221116,10:13:23,63.45,50,112400
20221116,10:13:36,63.60,125,112400
20221116,10:13:39,63.85,50,112400
20221116,10:13:41,63.60,25,112400
20221116,10:13:44,63.60,50,112400
20221116,10:13:54,64.35,25,112400
20221116,10:13:56,64.35,25,112400
20221116,10:14:04,65.00,25,112400
20221116,10:14:16,65.40,25,112400
20221116,10:14:19,65.05,25,112400
20221116,10:14:24,65.90,25,112400
20221116,10:14:26,65.10,300,112400
20221116,10:14:29,64.90,125,112400
20221116,10:14:38,66.25,25,113125
20221116,10:14:41,65.80,25,113125
20221116,10:14:46,65.90,100,113125
20221116,10:14:51,65.00,375,113125
20221116,10:14:53,65.05,125,113125
20221116,10:15:03,66.50,25,113125
20221116,10:15:06,66.05,25,113125
20221116,10:15:18,65.10,200,113125
20221116,10:15:29,65.45,25,113125
20221116,10:15:31,65.35,200,113125
20221116,10:15:33,65.25,50,113125
20221116,10:15:38,66.00,25,113125
20221116,10:15:43,66.60,100,113125
20221116,10:15:46,66.45,25,113125
20221116,10:15:53,66.00,25,113125
20221116,10:15:56,66.50,125,113125
20221116,10:15:58,66.65,25,113125
20221116,10:16:03,66.15,50,113125
20221116,10:16:26,65.90,175,113125
20221116,10:16:28,66.15,100,113125
20221116,10:16:31,66.30,375,113125
20221116,10:16:34,66.55,75,113125
20221116,10:16:39,66.85,75,113125
20221116,10:16:44,67.25,225,113125
20221116,10:16:46,67.60,50,113125
20221116,10:16:49,68.90,325,113125
20221116,10:16:54,69.00,125,113125
20221116,10:16:59,68.15,50,113125
20221116,10:17:04,69.55,75,113125
20221116,10:17:14,69.55,25,113125
20221116,10:17:24,69.05,75,113125
20221116,10:17:26,68.40,275,113125
20221116,10:17:29,68.85,50,113125
20221116,10:17:34,68.00,175,113125
20221116,10:17:36,68.25,25,113125
20221116,10:17:39,68.05,25,112175
20221116,10:17:49,67.55,75,112175
20221116,10:17:54,67.30,50,112175
20221116,10:17:56,67.40,25,112175
20221116,10:17:59,67.85,75,112175
20221116,10:18:09,67.80,100,112175
20221116,10:18:16,67.45,50,112175
20221116,10:18:21,68.25,75,112175
20221116,10:18:24,68.40,50,112175
20221116,10:18:26,69.00,25,112175
20221116,10:18:29,69.30,50,112175
20221116,10:18:31,68.50,100,112175
20221116,10:18:39,68.20,25,112175
20221116,10:18:49,68.80,25,112175
20221116,10:18:59,68.50,50,112175
20221116,10:19:01,68.00,125,112175
20221116,10:19:11,67.75,75,112175
20221116,10:19:16,67.30,50,112175
20221116,10:19:21,67.40,300,112175
20221116,10:19:31,66.85,400,112175
20221116,10:19:36,66.55,150,112175
20221116,10:19:41,67.10,225,112175
20221116,10:19:54,66.50,25,112175
20221116,10:19:59,66.50,200,112175
20221116,10:20:04,66.15,25,112175
20221116,10:20:11,64.75,50,112175
20221116,10:20:21,63.70,650,112175
20221116,10:20:26,63.95,125,112175
20221116,10:20:44,63.15,150,112175
20221116,10:20:47,63.00,25,112550
20221116,10:20:52,62.95,50,112550
20221116,10:20:57,62.85,25,112550
20221116,10:20:59,62.85,25,112550
20221116,10:21:02,62.45,25,112550
20221116,10:21:04,62.45,50,112550
20221116,10:21:07,62.50,25,112550
20221116,10:21:14,62.95,25,112550
20221116,10:21:19,62.95,25,112550
20221116,10:21:24,63.15,50,112550
20221116,10:21:37,63.20,75,112550
20221116,10:21:42,62.70,75,112550
20221116,10:21:44,62.20,50,112550
20221116,10:21:47,62.40,150,112550
20221116,10:21:52,62.40,25,112550
20221116,10:21:57,63.25,75,112550
20221116,10:21:59,63.60,75,112550
20221116,10:22:02,62.75,50,112550
20221116,10:22:04,63.10,25,112550
20221116,10:22:07,63.40,75,112550
20221116,10:22:19,63.60,25,112550
20221116,10:22:22,63.35,100,112550
20221116,10:22:24,63.50,25,112550
20221116,10:22:29,63.30,225,112550
20221116,10:22:32,63.60,175,112550
20221116,10:22:34,63.65,250,112550
20221116,10:22:37,63.45,300,112550
20221116,10:22:47,63.75,50,112550
20221116,10:22:52,64.00,350,112550
20221116,10:22:54,64.05,25,112550
20221116,10:22:57,65.00,50,112550
20221116,10:23:09,65.40,150,112550
20221116,10:23:12,66.65,450,112550
20221116,10:23:17,66.30,300,112550
20221116,10:23:27,67.45,50,112550
20221116,10:23:29,67.35,50,112550
20221116,10:23:39,68.10,100,112550
20221116,10:23:42,68.15,325,111025
20221116,10:23:47,68.55,100,111025
20221116,10:23:49,70.00,300,111025
20221116,10:23:52,70.20,25,111025
20221116,10:23:57,71.55,100,111025
20221116,10:23:59,71.55,500,111025
20221116,10:24:02,70.25,200,111025
20221116,10:24:04,69.65,150,111025
20221116,10:24:07,70.80,25,111025
20221116,10:24:14,72.35,50,111025
20221116,10:24:17,72.35,25,111025
20221116,10:24:24,72.45,25,111025
20221116,10:24:27,72.45,825,111025
20221116,10:24:34,72.45,50,111025
20221116,10:24:44,72.95,75,111025
20221116,10:24:47,72.95,125,111025
20221116,10:24:49,72.00,25,111025
20221116,10:24:52,72.00,25,111025
20221116,10:24:57,71.95,50,111025
20221116,10:24:59,71.50,200,111025
20221116,10:25:04,72.25,75,111025
20221116,10:25:09,71.50,225,111025
20221116,10:25:12,71.10,150,111025
20221116,10:25:19,71.65,25,111025
20221116,10:25:22,70.30,150,111025
20221116,10:25:24,69.75,250,111025
20221116,10:25:27,70.30,25,111025
20221116,10:25:29,69.90,100,111025
20221116,10:25:32,69.70,150,111025
20221116,10:25:34,69.55,100,111025
20221116,10:25:37,69.20,275,111025
20221116,10:25:39,69.25,75,111025
20221116,10:25:42,69.35,50,111025
20221116,10:25:44,69.65,275,111025
20221116,10:25:52,69.50,25,111025
20221116,10:25:54,69.45,25,111025
20221116,10:25:57,68.95,125,111025
20221116,10:25:59,68.95,50,111025
20221116,10:26:02,68.90,50,111025
20221116,10:26:04,68.70,200,111025
20221116,10:26:07,69.15,75,111025
20221116,10:26:17,69.15,25,111025
20221116,10:26:24,69.85,25,111025
20221116,10:26:27,70.35,75,111025
20221116,10:26:34,70.30,25,111025
20221116,10:26:37,70.40,25,111025
20221116,10:26:39,69.35,100,110450
20221116,10:26:42,69.15,100,110450
20221116,10:26:47,68.85,50,110450
20221116,10:26:52,67.85,150,110450
20221116,10:26:57,69.05,50,110450
20221116,10:27:12,68.55,200,110450
20221116,10:27:17,68.20,25,110450
20221116,10:27:24,68.30,50,110450
20221116,10:27:32,69.15,100,110450
20221116,10:27:37,69.00,25,110450
20221116,10:27:39,69.05,100,110450
20221116,10:27:44,69.15,75,110450
20221116,10:27:47,69.15,75,110450
20221116,10:27:52,68.85,750,110450
20221116,10:27:57,69.35,100,110450
20221116,10:27:59,69.20,25,110450
20221116,10:28:02,69.65,100,110450
20221116,10:28:04,69.90,50,110450
20221116,10:28:07,70.10,50,110450
20221116,10:28:09,70.55,100,110450
20221116,10:28:12,70.05,75,110450
20221116,10:28:14,70.25,25,110450
20221116,10:28:19,70.10,75,110450
20221116,10:28:22,70.20,25,110450
20221116,10:28:24,70.00,100,110450
20221116,10:28:29,69.70,50,110450
20221116,10:28:32,70.20,100,110450
20221116,10:28:34,70.45,50,110450
20221116,10:28:37,70.80,350,110450
20221116,10:28:39,71.00,150,110450
20221116,10:28:44,70.90,150,110450
20221116,10:28:47,71.00,75,110450
20221116,10:28:49,70.50,25,110450
20221116,10:28:52,70.90,250,110450
20221116,10:28:54,70.90,75,110450
20221116,10:28:57,71.10,100,110450
20221116,10:29:04,70.80,75,110450
20221116,10:29:07,70.35,125,110450
20221116,10:29:12,70.50,50,110450
20221116,10:29:14,70.20,450,110450
20221116,10:29:17,69.90,275,110450
20221116,10:29:22,70.45,175,110450
20221116,10:29:24,70.60,25,110450
20221116,10:29:27,69.95,425,110450
20221116,10:29:29,70.25,75,110450
20221116,10:29:32,70.80,25,110450
20221116,10:29:37,71.15,75,110450
20221116,10:29:42,70.55,375,109325
20221116,10:29:44,70.50,25,109325
20221116,10:29:47,70.25,75,109325
20221116,10:29:49,70.45,725,109325
20221116,10:29:54,70.40,175,109325
20221116,10:29:57,70.55,75,109325
20221116,10:30:02,70.10,725,109325
20221116,10:30:04,70.00,50,109325
20221116,10:30:12,69.45,300,109325
20221116,10:30:14,69.45,800,109325
20221116,10:30:17,69.25,50,109325
20221116,10:30:24,68.95,25,109325
20221116,10:30:27,69.20,50,109325
20221116,10:30:29,68.70,1000,109325
20221116,10:30:32,68.25,150,109325
20221116,10:30:34,68.35,300,109325
20221116,10:30:36,68.60,25,109325
20221116,10:30:39,68.90,150,109325
20221116,10:30:42,68.85,25,109325
20221116,10:30:44,68.75,50,109325
20221116,10:30:49,69.20,500,109325
20221116,10:30:52,69.20,50,109325
20221116,10:30:54,69.80,550,109325
20221116,10:30:57,70.20,325,109325
20221116,10:31:17,70.70,100,109325
20221116,10:31:24,71.25,125,109325
20221116,10:31:29,70.65,200,109325
20221116,10:31:37,71.90,50,109325
20221116,10:31:39,71.65,50,109325
20221116,10:31:44,71.15,100,109325
20221116,10:31:49,70.80,25,109325
20221116,10:31:52,70.25,50,109325
20221116,10:32:07,69.95,75,109325
20221116,10:32:12,69.55,75,109325
20221116,10:32:14,68.50,125,109325
20221116,10:32:24,68.35,50,109325
20221116,10:32:32,68.20,150,109325
20221116,10:32:34,68.15,50,109325
20221116,10:32:37,67.60,450,109325
20221116,10:32:39,66.80,200,109325
20221116,10:32:42,67.00,75,110100
20221116,10:32:44,67.30,25,110100
20221116,10:32:52,67.05,200,110100
20221116,10:32:57,67.65,100,110100
20221116,10:33:02,67.25,25,110100
20221116,10:33:09,67.60,25,110100
20221116,10:33:29,67.10,50,110100
20221116,10:33:32,67.05,25,110100
20221116,10:33:39,68.25,50,110100
20221116,10:33:57,68.75,100,110100
20221116,10:33:59,68.65,100,110100
20221116,10:34:07,68.70,225,110100
20221116,10:34:09,68.75,500,110100
20221116,10:34:12,68.60,200,110100
20221116,10:34:14,68.65,250,110100
20221116,10:34:19,69.10,25,110100
20221116,10:34:22,68.40,150,110100
20221116,10:34:27,68.85,75,110100
20221116,10:34:32,69.55,100,110100
20221116,10:34:39,69.70,25,110100
20221116,10:35:02,68.80,150,110100
20221116,10:35:19,67.65,75,110100
20221116,10:35:24,67.20,75,110100
20221116,10:35:34,67.85,25,110100
20221116,10:35:39,67.65,125,110100
20221116,10:35:54,68.40,100,109650
20221116,10:36:07,67.85,50,109650
20221116,10:36:14,68.95,25,109650
20221116,10:36:19,68.85,150,109650
20221116,10:36:22,68.90,25,109650
20221116,10:36:24,69.20,25,109650
20221116,10:36:29,68.95,125,109650
20221116,10:36:44,70.00,50,109650
20221116,10:36:54,69.45,25,109650
20221116,10:36:57,69.45,25,109650
20221116,10:37:12,70.30,25,109650
20221116,10:37:22,70.45,25,109650
20221116,10:37:25,71.30,50,109650
20221116,10:37:34,71.55,25,109650
20221116,10:37:37,71.30,25,109650
20221116,10:37:42,71.50,100,109650
20221116,10:37:44,71.05,50,109650
20221116,10:37:49,70.40,75,109650
20221116,10:37:52,70.70,575,109650
20221116,10:37:54,71.10,1000,109650
20221116,10:37:59,70.90,25,109650
20221116,10:38:04,71.60,150,109650
20221116,10:38:09,71.40,325,109650
20221116,10:38:12,70.80,25,109650
20221116,10:38:14,71.45,75,109650
20221116,10:38:17,71.85,100,109650
20221116,10:38:19,70.50,350,109650
20221116,10:38:22,70.50,100,109650
20221116,10:38:32,70.90,125,109650
20221116,10:38:34,70.70,25,109650
20221116,10:38:37,71.00,150,109650
20221116,10:38:44,71.25,25,108750
20221116,10:38:47,71.50,25,108750
20221116,10:38:49,71.60,225,108750
20221116,10:38:54,71.70,25,108750
20221116,10:38:57,71.60,25,108750
20221116,10:38:59,72.00,25,108750
20221116,10:39:02,72.40,25,108750
20221116,10:39:07,72.35,150,108750
20221116,10:39:09,72.60,100,108750
20221116,10:39:12,72.50,375,108750
20221116,10:39:14,71.70,75,108750
20221116,10:39:17,71.55,275,108750
20221116,10:39:19,71.40,225,108750
20221116,10:39:27,71.50,350,108750
20221116,10:39:29,72.05,75,108750
20221116,10:39:32,71.40,100,108750
20221116,10:39:35,71.25,50,108750
20221116,10:39:45,71.25,100,108750
20221116,10:39:55,72.45,75,108750
20221116,10:39:57,72.55,50,108750
20221116,10:40:00,72.80,125,108750
20221116,10:40:02,72.95,25,108750
20221116,10:40:07,73.15,675,108750
20221116,10:40:10,74.00,75,108750
20221116,10:40:12,75.75,8200,108750
20221116,10:40:15,75.90,400,108750
20221116,10:40:17,76.00,100,108750
20221116,10:40:20,76.00,25,108750
20221116,10:40:27,75.00,25,108750
20221116,10:40:30,75.35,25,108750
20221116,10:40:32,75.05,25,108750
20221116,10:40:35,75.00,50,108750
20221116,10:40:37,74.95,100,108750
20221116,10:40:40,74.80,200,108750
20221116,10:40:42,75.25,525,108750
20221116,10:40:45,75.70,275,108750
20221116,10:40:47,75.60,175,108750
20221116,10:40:50,75.05,100,108750
20221116,10:40:52,75.10,25,108750
20221116,10:40:55,74.60,125,108750
20221116,10:41:02,75.15,50,108750
20221116,10:41:07,74.00,250,108750
20221116,10:41:10,74.05,25,108750
20221116,10:41:12,74.25,325,108750
20221116,10:41:15,74.55,800,108750
20221116,10:41:20,73.50,150,108750
20221116,10:41:22,73.15,75,108750
20221116,10:41:25,72.95,25,108750
20221116,10:41:30,74.00,225,108750
20221116,10:41:32,74.20,75,108750
20221116,10:41:39,74.30,25,108750
20221116,10:41:52,74.30,25,104150
20221116,10:41:54,74.70,25,104150
20221116,10:42:09,74.55,75,104150
20221116,10:42:14,74.85,25,104150
20221116,10:42:19,75.15,250,104150
20221116,10:42:22,75.00,250,104150
20221116,10:42:24,74.00,100,104150
20221116,10:42:27,74.45,25,104150
20221116,10:42:29,74.95,25,104150
20221116,10:42:32,74.45,100,104150
20221116,10:42:39,74.45,75,104150
20221116,10:42:47,74.75,100,104150
20221116,10:42:49,74.65,75,104150
20221116,10:42:57,74.90,25,104150
20221116,10:42:59,75.20,25,104150
20221116,10:43:02,74.60,50,104150
20221116,10:43:09,74.60,50,104150
20221116,10:43:12,74.00,1275,104150
20221116,10:43:17,73.55,25,104150
20221116,10:43:22,73.35,25,104150
20221116,10:43:24,72.85,50,104150
20221116,10:43:29,72.65,25,104150
20221116,10:43:34,73.00,50,104150
20221116,10:43:42,72.85,75,104150
20221116,10:43:44,73.00,225,104150
20221116,10:43:49,72.60,75,104150
20221116,10:43:52,72.65,500,104150
20221116,10:44:04,71.90,100,104150
20221116,10:44:14,71.55,50,104150
20221116,10:44:19,70.85,100,104150
20221116,10:44:22,70.95,25,104150
20221116,10:44:27,70.55,350,104150
20221116,10:44:32,71.35,125,104150
20221116,10:44:37,71.20,25,104150
20221116,10:44:39,71.60,500,104150
20221116,10:44:52,72.50,25,103750
20221116,10:44:59,72.10,50,103750
20221116,10:45:02,72.10,75,103750
20221116,10:45:09,72.10,125,103750
20221116,10:45:12,71.50,150,103750
20221116,10:45:19,72.30,25,103750
20221116,10:45:22,72.40,25,103750
20221116,10:45:32,73.55,50,103750
20221116,10:45:35,73.05,25,103750
20221116,10:45:37,73.75,25,103750
20221116,10:45:40,73.70,550,103750
20221116,10:45:50,73.00,25,103750
20221116,10:45:52,72.90,25,103750
20221116,10:46:02,73.00,100,103750
20221116,10:46:07,73.00,125,103750
20221116,10:46:10,73.00,75,103750
20221116,10:46:17,72.95,100,103750
20221116,10:46:22,72.50,100,103750
20221116,10:46:25,72.60,125,103750
20221116,10:46:27,72.50,50,103750
20221116,10:46:40,72.85,300,103750
20221116,10:46:47,72.35,25,103750
20221116,10:46:50,72.30,25,103750
20221116,10:46:52,72.55,100,103750
20221116,10:46:55,72.40,75,103750
20221116,10:47:02,73.25,50,103750
20221116,10:47:05,73.35,25,103750
20221116,10:47:10,73.05,300,103750
20221116,10:47:17,73.00,475,103750
20221116,10:47:27,72.55,400,103750
20221116,10:47:35,72.30,25,103750
20221116,10:47:42,72.20,100,103750
20221116,10:47:50,72.25,50,105625
20221116,10:48:10,72.00,75,105625
20221116,10:48:12,72.25,175,105625
20221116,10:48:15,72.40,100,105625
20221116,10:48:25,72.45,150,105625
20221116,10:48:32,72.00,150,105625
20221116,10:48:37,71.75,75,105625
20221116,10:48:50,72.25,25,105625
20221116,10:48:52,72.45,25,105625
20221116,10:48:55,72.10,25,105625
20221116,10:49:10,72.40,50,105625
20221116,10:49:15,72.40,25,105625
20221116,10:49:17,71.95,125,105625
20221116,10:49:27,71.25,175,105625
20221116,10:49:30,71.10,200,105625
20221116,10:49:32,71.25,50,105625
20221116,10:49:47,70.50,25,105625
20221116,10:49:52,71.00,425,105625
20221116,10:49:57,72.15,50,105625
20221116,10:50:12,71.45,25,105625
20221116,10:50:25,71.40,150,105625
20221116,10:50:27,71.70,125,105625
20221116,10:50:30,71.50,25,105625
20221116,10:50:32,71.45,25,105625
20221116,10:50:40,72.60,25,105625
20221116,10:51:12,73.75,50,105800
20221116,10:51:17,73.95,100,105800
20221116,10:51:22,74.85,50,105800
20221116,10:51:25,74.75,600,105800
20221116,10:51:27,74.85,25,105800
20221116,10:51:30,75.30,100,105800
20221116,10:51:32,75.05,75,105800
20221116,10:51:35,74.40,150,105800
20221116,10:51:37,74.50,50,105800
20221116,10:51:40,74.70,25,105800
20221116,10:51:42,75.00,25,105800
20221116,10:51:50,74.90,25,105800
20221116,10:51:55,74.60,25,105800
20221116,10:51:57,74.20,25,105800
20221116,10:52:05,74.10,175,105800
20221116,10:52:12,73.20,100,105800
20221116,10:52:15,73.05,175,105800
20221116,10:52:17,73.05,75,105800
20221116,10:52:25,74.10,25,105800
20221116,10:52:30,73.90,150,105800
20221116,10:52:32,73.65,100,105800
20221116,10:52:47,72.65,25,105800
20221116,10:52:57,73.20,25,105800
20221116,10:53:12,73.55,50,105800
20221116,10:53:15,73.85,50,105800
20221116,10:53:22,73.55,825,105800
20221116,10:53:35,74.00,100,105800
20221116,10:53:50,75.05,150,106325
20221116,10:54:17,75.45,25,106325
20221116,10:54:22,75.25,100,106325
20221116,10:54:27,75.30,325,106325
20221116,10:54:34,74.90,650,106325
20221116,10:54:44,74.20,225,106325
20221116,10:54:47,73.80,25,106325
20221116,10:54:57,74.10,500,106325
20221116,10:55:02,73.80,25,106325
20221116,10:55:25,73.95,25,106325
20221116,10:55:35,74.60,275,106325
20221116,10:55:37,74.45,25,106325
20221116,10:55:42,74.70,25,106325
20221116,10:56:20,73.55,75,106325
20221116,10:56:27,72.95,25,106325
20221116,10:56:37,73.25,25,106325
20221116,10:56:50,72.95,100,107000
20221116,10:56:55,73.25,500,107000
20221116,10:57:00,73.45,125,107000
20221116,10:57:40,73.45,50,107000
20221116,10:57:47,73.70,250,107000
20221116,10:57:50,73.50,100,107000
20221116,10:58:02,74.15,100,107000
20221116,10:58:12,75.00,325,107000
20221116,10:58:17,75.00,25,107000
20221116,10:58:25,74.25,25,107000
20221116,10:58:27,74.10,75,107000
20221116,10:58:30,74.35,50,107000
20221116,10:58:37,74.00,300,107000
20221116,10:58:42,74.35,25,107000
20221116,10:58:45,74.00,175,107000
20221116,10:58:47,74.10,75,107000
20221116,10:58:50,74.25,25,107000
20221116,10:58:52,73.50,100,107000
20221116,10:59:02,73.25,75,107000
20221116,10:59:22,73.30,50,107000
20221116,10:59:27,73.15,300,107000
20221116,10:59:35,73.20,500,107000
20221116,10:59:37,73.95,125,107000
20221116,10:59:40,74.05,100,107000
20221116,10:59:45,73.50,100,106975
20221116,11:00:00,73.50,500,106975
20221116,11:00:02,72.80,425,106975
20221116,11:00:07,72.65,25,106975
20221116,11:00:10,72.55,75,106975
20221116,11:00:15,72.30,75,106975
20221116,11:00:17,72.25,25,106975
20221116,11:00:20,72.00,75,106975
20221116,11:00:30,72.65,200,106975
20221116,11:00:32,72.95,100,106975
20221116,11:00:45,72.35,100,106975
20221116,11:00:47,72.65,150,106975
20221116,11:00:50,72.15,500,106975
20221116,11:01:07,72.55,25,106975
20221116,11:01:12,72.00,125,106975
20221116,11:01:27,71.70,50,106975
20221116,11:01:32,71.85,25,106975
20221116,11:01:45,72.10,50,106975
20221116,11:01:47,72.50,25,106975
20221116,11:01:57,73.35,150,106975
20221116,11:02:17,72.85,25,106975
20221116,11:02:20,73.30,100,106975
20221116,11:02:22,73.15,25,106975
20221116,11:02:27,72.90,25,106975
20221116,11:02:30,73.25,375,106975
20221116,11:02:32,73.35,875,106975
20221116,11:02:37,73.00,125,106975
20221116,11:02:47,72.70,25,106100
20221116,11:03:07,72.50,275,106100
20221116,11:03:10,72.40,300,106100
20221116,11:03:17,72.45,950,106100
20221116,11:03:20,71.75,550,106100
20221116,11:03:30,72.60,425,106100
20221116,11:03:53,71.70,50,106100
20221116,11:04:13,71.75,25,106100
20221116,11:04:15,71.35,100,106100
20221116,11:04:18,71.55,75,106100
20221116,11:04:35,71.55,100,106100
20221116,11:04:53,71.65,75,106100
20221116,11:05:00,71.60,25,106100
20221116,11:05:03,71.30,100,106100
20221116,11:05:05,70.90,425,106100
20221116,11:05:20,69.65,700,106100
20221116,11:05:23,69.55,250,106100
20221116,11:05:25,69.90,100,106100
20221116,11:05:32,69.60,50,106100
20221116,11:05:35,69.55,400,106100
20221116,11:05:37,69.55,25,106100
20221116,11:05:45,69.65,25,106100
20221116,11:06:00,69.65,100,107850
20221116,11:06:05,70.00,100,107850
20221116,11:06:15,69.65,50,107850
20221116,11:06:33,68.95,25,107850
20221116,11:06:38,69.00,50,107850
20221116,11:07:03,69.00,50,107850
20221116,11:07:05,69.35,25,107850
20221116,11:07:15,70.00,25,107850
20221116,11:07:18,70.20,100,107850
20221116,11:07:23,69.75,25,107850
20221116,11:07:25,69.85,50,107850
20221116,11:07:35,70.70,100,107850
20221116,11:07:38,70.40,100,107850
20221116,11:07:43,70.25,100,107850
20221116,11:07:45,70.20,50,107850
20221116,11:08:00,70.40,50,107850
20221116,11:08:03,70.70,75,107850
20221116,11:08:20,70.45,900,107850
20221116,11:08:25,69.95,100,107850
20221116,11:08:43,69.40,100,107850
20221116,11:08:45,69.00,125,107850
20221116,11:08:53,68.25,175,109175
20221116,11:09:05,68.00,25,109175
20221116,11:09:13,67.55,75,109175
20221116,11:09:15,67.65,200,109175
20221116,11:09:18,68.80,50,109175
20221116,11:09:23,68.35,100,109175
20221116,11:09:28,68.50,350,109175
20221116,11:09:30,68.40,100,109175
20221116,11:09:35,68.70,25,109175
20221116,11:09:45,69.50,25,109175
20221116,11:09:50,69.50,175,109175
20221116,11:10:10,69.95,125,109175
20221116,11:10:13,70.20,25,109175
20221116,11:10:21,69.70,25,109175
20221116,11:10:23,69.45,25,109175
20221116,11:10:48,69.40,150,109175
20221116,11:10:55,69.55,25,109175
20221116,11:11:08,68.90,150,109175
20221116,11:11:15,68.50,50,109175
20221116,11:11:25,68.00,1075,109175
20221116,11:11:28,68.10,25,109175
20221116,11:11:33,67.80,25,109175
20221116,11:11:35,68.05,50,109175
20221116,11:11:55,69.15,50,108000
20221116,11:12:13,69.00,25,108000
20221116,11:12:53,69.85,50,108000
20221116,11:12:56,70.00,25,108000
20221116,11:13:06,70.00,100,108000
20221116,11:13:21,70.90,100,108000
20221116,11:13:26,70.65,25,108000
20221116,11:13:38,69.30,200,108000
20221116,11:13:40,69.25,50,108000
20221116,11:14:00,69.00,425,108000
20221116,11:14:03,69.00,800,108000
20221116,11:14:20,68.55,175,108000
20221116,11:14:23,68.80,100,108000
20221116,11:14:28,68.25,300,108000
20221116,11:14:41,68.00,50,108000
20221116,11:14:51,68.75,25,108000
20221116,11:14:53,69.10,25,108000
20221116,11:15:18,68.90,100,108000
20221116,11:15:28,68.60,25,108000
20221116,11:16:13,70.30,100,108000
20221116,11:16:16,70.55,25,108000
20221116,11:16:18,70.60,25,108000
20221116,11:16:33,70.80,100,108000
20221116,11:16:36,70.50,100,108000
20221116,11:16:51,70.75,25,108000
20221116,11:16:53,71.00,25,108000
20221116,11:17:06,71.90,150,108000
20221116,11:17:08,71.65,125,108000
20221116,11:17:11,72.30,225,108000
20221116,11:17:13,72.15,25,108000
20221116,11:17:16,72.45,75,108000
20221116,11:17:28,72.30,25,108000
20221116,11:17:36,72.20,25,108000
20221116,11:17:46,72.10,25,108000
20221116,11:17:48,72.10,25,108625
20221116,11:18:01,72.45,250,108625
20221116,11:18:21,71.65,25,108625
20221116,11:18:28,71.70,25,108625
20221116,11:18:31,71.75,25,108625
20221116,11:18:35,71.90,25,108625
20221116,11:18:40,71.70,25,108625
20221116,11:19:00,72.00,50,108625
20221116,11:19:16,72.50,200,108625
20221116,11:19:18,73.20,50,108625
20221116,11:19:26,73.20,200,108625
20221116,11:19:33,73.35,100,108625
20221116,11:19:43,73.15,25,108625
20221116,11:19:56,73.25,50,108625
20221116,11:20:01,73.35,25,108625
20221116,11:20:58,72.45,25,108575
20221116,11:21:01,72.50,100,108575
20221116,11:21:03,72.25,25,108575
20221116,11:21:08,72.00,250,108575
20221116,11:21:28,72.20,25,108575
20221116,11:21:46,72.45,25,108575
20221116,11:22:11,72.45,100,108575
20221116,11:22:43,71.35,25,108575
20221116,11:22:51,71.20,25,108575
20221116,11:23:06,71.05,25,108575
20221116,11:23:11,70.85,25,108575
20221116,11:23:26,71.25,25,108575
20221116,11:23:31,71.40,75,108575
20221116,11:23:38,71.70,75,108575
20221116,11:23:48,71.85,25,108850
20221116,11:24:01,71.45,25,108850
20221116,11:24:06,71.80,50,108850
20221116,11:24:08,71.60,175,108850
20221116,11:24:11,71.70,25,108850
20221116,11:24:13,71.50,25,108850
20221116,11:24:16,71.75,25,108850
20221116,11:24:18,71.80,125,108850
20221116,11:24:21,72.15,50,108850
20221116,11:24:23,72.00,125,108850
20221116,11:24:26,71.80,25,108850
20221116,11:24:28,71.55,675,108850
20221116,11:24:36,71.45,50,108850
20221116,11:24:38,71.35,75,108850
20221116,11:24:41,71.15,50,108850
20221116,11:24:46,71.35,25,108850
20221116,11:24:48,70.75,25,108850
20221116,11:24:51,71.10,125,108850
20221116,11:24:58,71.10,25,108850
20221116,11:25:06,71.00,50,108850
20221116,11:25:08,70.90,550,108850
20221116,11:25:13,70.50,25,108850
20221116,11:25:16,70.45,75,108850
20221116,11:25:18,70.40,25,108850
20221116,11:25:26,70.40,25,108850
20221116,11:25:28,70.35,25,108850
20221116,11:25:31,70.50,250,108850
20221116,11:25:36,70.30,25,108850
20221116,11:25:48,70.50,125,108850
20221116,11:25:51,70.65,25,108850
20221116,11:25:56,70.45,25,108850
20221116,11:25:58,70.45,25,108850
20221116,11:26:01,70.65,150,108850
20221116,11:26:06,70.65,600,108850
20221116,11:26:08,70.40,50,108850
20221116,11:26:11,70.25,25,108850
20221116,11:26:16,70.00,325,108850
20221116,11:26:18,70.00,25,108850
20221116,11:26:26,69.95,150,108850
20221116,11:26:28,70.30,25,108850
20221116,11:26:31,70.45,75,108850
20221116,11:26:36,70.50,125,108850
20221116,11:26:41,70.65,100,108850
20221116,11:26:44,70.85,50,108850
20221116,11:26:46,71.00,25,108850
20221116,11:26:54,70.80,25,109375
20221116,11:26:56,70.60,25,109375
20221116,11:26:59,70.95,300,109375
20221116,11:27:14,70.35,675,109375
20221116,11:27:16,70.30,25,109375
20221116,11:27:19,70.60,25,109375
20221116,11:27:21,70.60,100,109375
20221116,11:27:33,70.50,25,109375
20221116,11:27:38,71.00,300,109375
20221116,11:27:46,71.15,25,109375
20221116,11:27:53,71.40,25,109375
20221116,11:28:01,71.05,300,109375
20221116,11:28:11,71.60,75,109375
20221116,11:28:16,71.75,50,109375
20221116,11:28:21,71.35,25,109375
20221116,11:28:26,71.25,25,109375
20221116,11:28:31,71.50,25,109375
20221116,11:28:41,71.35,225,109375
20221116,11:28:48,71.75,25,109375
20221116,11:28:53,71.90,50,109375
20221116,11:28:58,72.00,25,109375
20221116,11:29:08,72.00,25,109375
20221116,11:29:11,71.95,575,109375
20221116,11:29:28,71.65,325,109375
20221116,11:29:38,72.10,25,109375
20221116,11:29:43,71.95,50,109375
20221116,11:29:48,71.75,25,109375
20221116,11:29:56,71.70,25,110475
20221116,11:29:58,71.45,50,110475
20221116,11:30:01,70.70,175,110475
20221116,11:30:03,70.60,325,110475
20221116,11:30:06,71.00,25,110475
20221116,11:30:18,70.55,50,110475
20221116,11:30:31,70.25,100,110475
20221116,11:30:39,70.85,25,110475
20221116,11:30:46,70.80,25,110475
20221116,11:30:54,71.15,175,110475
20221116,11:30:56,71.25,125,110475
20221116,11:31:01,71.20,100,110475
20221116,11:31:19,71.35,25,110475
20221116,11:31:26,71.40,75,110475
20221116,11:31:31,71.35,25,110475
20221116,11:31:36,71.45,25,110475
20221116,11:31:39,71.50,25,110475
20221116,11:31:44,71.15,75,110475
20221116,11:31:49,71.40,175,110475
20221116,11:31:56,71.35,50,110475
20221116,11:31:59,71.10,275,110475
20221116,11:32:01,71.15,50,110475
20221116,11:32:04,71.45,500,110475
20221116,11:32:06,71.50,400,110475
20221116,11:32:09,71.65,150,110475
20221116,11:32:14,71.35,75,110475
20221116,11:32:21,71.50,25,110475
20221116,11:32:26,71.40,75,110475
20221116,11:32:33,71.50,25,110475
20221116,11:32:38,71.10,150,110475
20221116,11:32:41,71.00,50,110475
20221116,11:32:53,71.10,50,111050
20221116,11:32:56,71.10,50,111050
20221116,11:33:01,71.10,25,111050
20221116,11:33:03,71.10,100,111050
20221116,11:33:06,73.15,1375,111050
20221116,11:33:08,73.10,500,111050
20221116,11:33:11,73.25,100,111050
20221116,11:33:13,72.60,225,111050
20221116,11:33:16,73.30,25,111050
20221116,11:33:18,74.20,50,111050
20221116,11:33:21,74.50,50,111050
20221116,11:33:23,73.80,50,111050
20221116,11:33:26,73.50,50,111050
20221116,11:33:31,75.00,150,111050
20221116,11:33:33,75.15,125,111050
20221116,11:33:36,74.65,25,111050
20221116,11:33:38,74.70,25,111050
20221116,11:33:41,74.25,375,111050
20221116,11:33:43,73.80,50,111050
20221116,11:33:46,73.85,700,111050
20221116,11:33:48,73.80,100,111050
20221116,11:33:53,73.70,100,111050
20221116,11:33:58,74.15,200,111050
20221116,11:34:03,74.95,50,111050
20221116,11:34:06,74.65,125,111050
20221116,11:34:08,75.00,450,111050
20221116,11:34:11,75.00,50,111050
20221116,11:34:13,74.75,75,111050
20221116,11:34:16,74.55,25,111050
20221116,11:34:19,74.80,75,111050
20221116,11:34:21,74.70,50,111050
20221116,11:34:24,75.00,175,111050
20221116,11:34:31,74.55,150,111050
20221116,11:34:36,74.40,50,111050
20221116,11:34:41,74.45,25,111050
20221116,11:34:43,74.45,25,111050
20221116,11:34:48,74.55,75,111050
20221116,11:34:56,74.55,225,111050
20221116,11:35:01,74.00,250,111050
20221116,11:35:06,73.65,100,111050
20221116,11:35:08,73.30,25,111050
20221116,11:35:13,73.30,25,111050
20221116,11:35:16,73.45,125,111050
20221116,11:35:21,73.80,50,111050
20221116,11:35:23,73.15,75,111050
20221116,11:35:26,72.80,50,111050
20221116,11:35:28,72.95,250,111050
20221116,11:35:38,73.20,25,111050
20221116,11:35:43,73.20,200,111050
20221116,11:36:03,72.95,25,112450
20221116,11:36:06,72.60,25,112450
20221116,11:36:16,72.30,25,112450
20221116,11:36:18,72.30,100,112450
20221116,11:36:21,73.15,50,112450
20221116,11:36:23,73.05,75,112450
20221116,11:36:26,73.00,75,112450
20221116,11:36:28,72.85,100,112450
20221116,11:36:31,72.65,100,112450
20221116,11:36:33,72.80,125,112450
20221116,11:36:36,72.75,200,112450
20221116,11:36:38,72.50,100,112450
20221116,11:36:48,72.60,25,112450
20221116,11:36:53,72.75,100,112450
20221116,11:36:56,72.80,75,112450
20221116,11:36:58,72.65,25,112450
20221116,11:37:08,72.45,275,112450
20221116,11:37:11,72.15,25,112450
20221116,11:37:13,72.00,50,112450
20221116,11:37:18,71.85,25,112450
20221116,11:37:21,72.00,150,112450
20221116,11:37:34,71.10,50,112450
20221116,11:37:44,70.80,225,112450
20221116,11:37:54,71.00,25,112450
20221116,11:37:59,71.10,25,112450
20221116,11:38:04,70.80,75,112450
20221116,11:38:14,70.75,200,112450
20221116,11:38:21,72.05,50,112450
20221116,11:38:24,71.70,25,112450
20221116,11:38:26,71.70,25,112450
20221116,11:38:34,71.60,25,112450
20221116,11:38:36,71.50,50,112450
20221116,11:38:46,71.60,25,112450
20221116,11:39:02,71.05,25,112575
20221116,11:39:14,71.80,25,112575
20221116,11:39:17,72.00,75,112575
20221116,11:39:22,72.30,25,112575
20221116,11:39:29,71.95,350,112575
20221116,11:39:32,72.00,50,112575
20221116,11:39:34,72.00,25,112575
20221116,11:39:44,72.00,50,112575
20221116,11:39:54,71.70,50,112575
20221116,11:40:04,70.70,525,112575
20221116,11:40:12,70.70,50,112575
20221116,11:40:14,70.90,25,112575
20221116,11:40:17,70.65,25,112575
20221116,11:40:32,70.45,50,112575
20221116,11:40:36,70.20,25,112575
20221116,11:40:41,69.90,50,112575
20221116,11:40:44,69.55,100,112575
20221116,11:40:54,69.55,25,112575
20221116,11:40:56,69.45,50,112575
20221116,11:40:59,69.55,200,112575
20221116,11:41:02,69.60,100,112575
20221116,11:41:04,70.00,50,112575
20221116,11:41:09,70.00,50,112575
20221116,11:41:14,69.80,100,112575
20221116,11:41:17,70.30,50,112575
20221116,11:41:24,70.70,175,112575
20221116,11:41:29,70.60,75,112575
20221116,11:41:32,70.55,25,112575
20221116,11:41:47,70.55,50,112575
20221116,11:41:59,69.70,100,113550
20221116,11:42:07,69.50,125,113550
20221116,11:42:22,68.70,25,113550
20221116,11:42:24,68.95,100,113550
20221116,11:42:27,69.10,50,113550
20221116,11:42:29,68.85,100,113550
20221116,11:42:32,68.75,25,113550
20221116,11:42:34,68.10,75,113550
20221116,11:42:37,68.00,25,113550
20221116,11:42:39,67.00,550,113550
20221116,11:42:42,67.35,75,113550
20221116,11:42:47,67.80,200,113550
20221116,11:42:49,68.00,25,113550
20221116,11:43:04,69.10,575,113550
20221116,11:43:24,68.45,25,113550
20221116,11:44:02,68.00,75,113550
20221116,11:44:29,67.05,425,113550
20221116,11:44:32,67.00,25,113550
20221116,11:44:37,65.65,375,113550
20221116,11:44:39,65.55,150,113550
20221116,11:44:42,66.15,125,113550
20221116,11:44:44,66.25,50,113550
20221116,11:44:47,66.60,75,113550
20221116,11:44:54,66.65,25,114025
20221116,11:44:59,66.80,150,114025
20221116,11:45:02,66.95,25,114025
20221116,11:45:04,65.55,25,114025
20221116,11:45:14,65.60,275,114025
20221116,11:45:17,65.65,75,114025
20221116,11:45:29,64.95,1000,114025
20221116,11:45:32,65.30,2075,114025
20221116,11:45:34,65.35,725,114025
20221116,11:45:37,65.10,75,114025
20221116,11:45:42,64.95,200,114025
20221116,11:45:44,64.75,300,114025
20221116,11:45:49,64.90,75,114025
20221116,11:45:52,65.00,625,114025
20221116,11:45:54,65.10,825,114025
20221116,11:45:57,65.10,600,114025
20221116,11:45:59,64.80,175,114025
20221116,11:46:02,64.65,250,114025
20221116,11:46:04,64.85,100,114025
20221116,11:46:09,64.60,325,114025
20221116,11:46:12,64.70,25,114025
20221116,11:46:14,64.95,550,114025
20221116,11:46:17,64.95,50,114025
20221116,11:46:19,64.90,175,114025
20221116,11:46:22,65.30,375,114025
20221116,11:46:27,65.05,50,114025
20221116,11:46:34,65.00,125,114025
20221116,11:46:39,64.50,250,114025
20221116,11:46:47,65.00,25,114025
20221116,11:46:49,65.00,775,114025
20221116,11:46:52,64.90,125,114025
20221116,11:46:54,64.80,25,114025
20221116,11:46:57,65.00,100,114025
20221116,11:46:59,65.00,200,114025
20221116,11:47:02,64.20,625,114025
20221116,11:47:07,63.70,150,114025
20221116,11:47:09,63.35,225,114025
20221116,11:47:12,63.75,25,114025
20221116,11:47:14,63.70,25,114025
20221116,11:47:17,63.90,150,114025
20221116,11:47:24,63.85,225,114025
20221116,11:47:27,64.00,75,114025
20221116,11:47:32,64.20,225,114025
20221116,11:47:44,64.90,25,114025
20221116,11:48:24,64.70,800,110750
20221116,11:48:34,65.50,100,110750
20221116,11:48:39,65.40,25,110750
20221116,11:49:17,64.50,50,110750
20221116,11:49:22,63.90,75,110750
20221116,11:49:32,63.55,25,110750
20221116,11:49:44,62.90,25,110750
20221116,11:49:49,63.00,25,110750
20221116,11:49:54,62.95,150,110750
20221116,11:49:59,63.10,25,110750
20221116,11:50:02,63.05,75,110750
20221116,11:50:27,63.20,75,110750
20221116,11:50:29,63.05,50,110750
20221116,11:50:32,63.60,25,110750
20221116,11:50:37,64.10,50,110750
20221116,11:50:44,63.90,50,110750
20221116,11:50:52,65.05,50,110750
20221116,11:51:07,64.75,75,110600
20221116,11:51:17,64.50,50,110600
20221116,11:51:19,64.65,25,110600
20221116,11:51:32,64.15,275,110600
20221116,11:51:34,64.30,275,110600
20221116,11:51:37,64.25,25,110600
20221116,11:51:39,64.35,75,110600
20221116,11:51:49,63.90,50,110600
20221116,11:52:22,64.15,50,110600
20221116,11:52:24,64.30,25,110600
20221116,11:52:27,64.05,25,110600
20221116,11:52:29,64.30,25,110600
20221116,11:52:39,64.10,225,110600
20221116,11:52:47,65.05,275,110600
20221116,11:52:52,65.10,75,110600
20221116,11:53:02,64.25,25,110600
20221116,11:53:04,64.15,25,110600
20221116,11:53:07,64.15,250,110600
20221116,11:53:17,64.70,50,110600
20221116,11:53:37,64.35,25,110600
20221116,11:53:39,64.10,250,110600
20221116,11:53:42,64.20,25,110600
20221116,11:53:44,64.20,25,110600
20221116,11:53:52,64.35,350,110600
20221116,11:53:59,64.50,50,110825
20221116,11:54:02,64.50,225,110825
20221116,11:54:27,64.75,425,110825
20221116,11:54:32,65.05,125,110825
20221116,11:54:35,64.90,25,110825
20221116,11:54:50,64.50,75,110825
20221116,11:55:10,65.00,50,110825
20221116,11:55:12,64.55,25,110825
20221116,11:55:15,65.15,250,110825
20221116,11:55:22,64.40,50,110825
20221116,11:55:25,64.35,25,110825
20221116,11:55:27,64.65,25,110825
20221116,11:55:47,64.85,250,110825
20221116,11:56:05,65.00,225,110825
20221116,11:56:10,65.20,25,110825
20221116,11:56:15,65.40,100,110825
20221116,11:56:28,66.45,25,110825
20221116,11:56:35,67.00,25,110825
20221116,11:56:47,66.40,25,110825
20221116,11:57:02,66.20,50,111350
20221116,11:57:07,65.85,75,111350
20221116,11:57:20,66.10,25,111350
20221116,11:57:30,66.40,50,111350
20221116,11:57:37,66.00,25,111350
20221116,11:57:40,66.40,50,111350
20221116,11:57:50,65.45,625,111350
20221116,11:57:52,65.60,250,111350
20221116,11:58:05,66.10,300,111350
20221116,11:58:07,65.90,125,111350
20221116,11:58:12,66.10,275,111350
20221116,11:58:22,66.45,225,111350
20221116,11:58:27,66.15,25,111350
20221116,11:58:35,66.30,25,111350
20221116,11:58:42,66.00,25,111350
20221116,11:58:47,66.35,125,111350
20221116,11:58:50,66.65,50,111350
20221116,11:58:52,65.80,125,111350
20221116,11:58:55,66.00,25,111350
20221116,11:59:07,66.60,25,111350
20221116,11:59:22,66.85,300,111350
20221116,11:59:25,66.65,50,111350
20221116,11:59:27,66.55,25,111350
20221116,11:59:30,66.20,300,111350
20221116,11:59:37,66.60,50,111350
20221116,11:59:40,66.60,25,111350
20221116,11:59:42,66.70,50,111350
20221116,11:59:47,66.10,325,111350
20221116,11:59:50,66.55,25,111350
20221116,11:59:52,66.60,50,111350
20221116,12:00:00,66.45,25,111350
20221116,12:00:02,66.35,25,110950
20221116,12:00:10,65.80,175,110950
20221116,12:00:12,65.80,175,110950
20221116,12:00:15,65.85,275,110950
20221116,12:00:25,65.00,50,110950
20221116,12:00:27,65.20,25,110950
20221116,12:00:35,64.75,125,110950
20221116,12:00:50,65.30,625,110950
20221116,12:00:52,64.90,125,110950
20221116,12:00:55,64.90,25,110950
20221116,12:01:02,64.25,100,110950
20221116,12:01:05,65.65,150,110950
20221116,12:01:25,64.55,225,110950
20221116,12:01:30,64.60,25,110950
20221116,12:01:50,64.40,25,110950
20221116,12:02:00,64.70,100,110950
20221116,12:02:15,64.65,50,110950
20221116,12:02:22,64.35,25,110950
20221116,12:02:30,64.65,25,110950
20221116,12:02:37,64.00,25,110950
20221116,12:02:49,63.80,25,110950
20221116,12:02:59,63.70,25,111875
20221116,12:03:07,63.00,250,111875
20221116,12:03:09,62.50,725,111875
20221116,12:03:12,63.30,25,111875
20221116,12:03:25,62.80,50,111875
20221116,12:03:27,62.85,25,111875
20221116,12:03:30,63.25,100,111875
20221116,12:03:32,63.35,75,111875
20221116,12:03:50,63.50,100,111875
20221116,12:03:52,63.75,300,111875
20221116,12:03:55,63.70,25,111875
20221116,12:04:32,62.40,25,111875
20221116,12:04:50,61.90,175,111875
20221116,12:05:05,61.40,75,111875
20221116,12:05:07,61.15,75,111875
20221116,12:05:15,61.85,100,111875
20221116,12:05:22,62.40,100,111875
20221116,12:05:35,62.55,25,111875
20221116,12:05:40,62.65,50,111875
20221116,12:05:52,62.60,50,111875
20221116,12:05:55,62.80,25,111875
20221116,12:06:00,62.40,25,111675
20221116,12:06:05,61.60,125,111675
20221116,12:06:07,61.95,25,111675
20221116,12:06:12,61.80,275,111675
20221116,12:06:20,61.15,25,111675
20221116,12:06:22,60.80,50,111675
20221116,12:06:25,60.65,150,111675
20221116,12:06:30,60.95,850,111675
20221116,12:06:35,60.65,625,111675
20221116,12:06:37,60.75,50,111675
20221116,12:06:42,61.05,25,111675
20221116,12:06:50,61.40,25,111675
20221116,12:06:52,61.40,175,111675
20221116,12:07:07,61.85,50,111675
20221116,12:07:10,61.55,200,111675
20221116,12:07:17,61.75,25,111675
20221116,12:07:20,61.95,25,111675
20221116,12:07:25,62.30,275,111675
20221116,12:07:35,62.95,225,111675
20221116,12:07:37,62.60,150,111675
20221116,12:07:40,62.50,175,111675
20221116,12:07:47,63.00,200,111675
20221116,12:07:50,62.90,50,111675
20221116,12:07:57,62.55,50,111675
20221116,12:08:10,62.55,25,111675
20221116,12:08:20,62.40,50,111675
20221116,12:08:25,62.40,50,111675
20221116,12:08:27,62.70,800,111675
20221116,12:08:35,62.55,25,111675
20221116,12:08:40,63.10,50,111675
20221116,12:08:42,62.40,50,111675
20221116,12:08:47,62.60,50,111675
20221116,12:08:50,62.20,50,111675
20221116,12:08:55,62.30,75,111675
20221116,12:08:57,61.70,75,112725
20221116,12:09:00,61.75,75,112725
20221116,12:09:02,61.00,275,112725
20221116,12:09:05,60.95,25,112725
20221116,12:09:07,60.20,150,112725
20221116,12:09:10,59.65,175,112725
20221116,12:09:12,59.45,125,112725
20221116,12:09:15,59.85,25,112725
20221116,12:09:22,60.00,175,112725
20221116,12:09:25,59.25,200,112725
20221116,12:09:27,59.30,150,112725
20221116,12:09:30,59.45,300,112725
20221116,12:09:32,59.55,125,112725
20221116,12:09:35,59.35,75,112725
20221116,12:09:37,59.40,50,112725
20221116,12:09:40,59.20,125,112725
20221116,12:09:42,59.15,50,112725
20221116,12:09:45,58.80,150,112725
20221116,12:09:47,59.05,25,112725
20221116,12:09:50,59.05,100,112725
20221116,12:09:52,58.40,275,112725
20221116,12:10:00,58.35,100,112725
20221116,12:10:02,58.00,75,112725
20221116,12:10:07,57.85,50,112725
20221116,12:10:10,58.20,525,112725
20221116,12:10:12,59.00,600,112725
20221116,12:10:15,59.05,150,112725
20221116,12:10:17,58.75,25,112725
20221116,12:10:22,58.80,50,112725
20221116,12:10:27,58.85,50,112725
20221116,12:10:32,58.80,50,112725
20221116,12:10:40,58.50,250,112725
20221116,12:10:42,58.55,100,112725
20221116,12:10:45,58.50,150,112725
20221116,12:10:47,58.55,75,112725
20221116,12:10:55,59.00,100,112725
20221116,12:11:10,58.75,100,112725
20221116,12:11:15,58.95,25,112725
20221116,12:11:20,58.70,275,112725
20221116,12:11:27,58.70,50,112725
20221116,12:11:39,58.85,75,112725
20221116,12:11:42,58.70,25,112725
20221116,12:11:57,58.60,25,112725
20221116,12:11:59,59.15,25,113825
20221116,12:12:22,59.15,25,113825
20221116,12:12:27,59.45,175,113825
20221116,12:12:30,59.90,25,113825
20221116,12:12:37,59.80,25,113825
20221116,12:13:00,59.80,25,113825
20221116,12:13:12,60.40,25,113825
20221116,12:13:17,60.55,100,113825
20221116,12:13:27,61.30,75,113825
20221116,12:13:35,61.70,250,113825
20221116,12:13:37,61.70,250,113825
20221116,12:13:57,61.45,75,113825
20221116,12:14:02,62.35,50,113825
20221116,12:14:07,62.60,900,113825
20221116,12:14:10,62.55,25,113825
20221116,12:14:15,62.30,125,113825
20221116,12:14:20,63.10,300,113825
20221116,12:14:25,63.05,900,113825
20221116,12:14:30,62.60,125,113825
20221116,12:14:35,62.45,350,113825
20221116,12:14:37,62.55,25,113825
20221116,12:14:40,62.00,75,113825
20221116,12:14:42,61.90,25,113825
20221116,12:14:45,62.05,900,113825
20221116,12:14:57,62.00,350,113825
20221116,12:15:00,62.10,50,115075
20221116,12:15:12,63.30,150,115075
20221116,12:15:15,63.20,125,115075
20221116,12:15:20,64.15,1875,115075
20221116,12:15:22,64.10,75,115075
20221116,12:15:25,64.25,100,115075
20221116,12:15:27,64.10,150,115075
20221116,12:15:30,63.60,75,115075
20221116,12:15:32,63.70,25,115075
20221116,12:15:37,63.10,25,115075
20221116,12:15:45,63.60,25,115075
20221116,12:15:57,63.10,900,115075
20221116,12:16:02,63.00,25,115075
20221116,12:16:05,63.20,100,115075
20221116,12:16:17,63.35,150,115075
20221116,12:16:20,63.95,50,115075
20221116,12:16:32,64.15,25,115075
20221116,12:16:34,63.75,100,115075
20221116,12:16:57,63.45,25,115075
20221116,12:17:02,63.00,50,115075
20221116,12:17:05,63.10,25,115075
20221116,12:17:07,63.40,75,115075
20221116,12:17:10,63.10,125,115075
20221116,12:17:12,63.25,100,115075
20221116,12:17:17,62.85,100,115075
20221116,12:17:20,62.60,125,115075
20221116,12:17:22,62.70,25,115075
20221116,12:17:25,63.15,25,115075
20221116,12:17:27,63.50,50,115075
20221116,12:18:07,63.60,50,115775
20221116,12:18:22,62.60,25,115775
20221116,12:18:25,62.95,100,115775
20221116,12:18:27,62.95,75,115775
20221116,12:18:37,61.95,25,115775
20221116,12:18:42,61.95,125,115775
20221116,12:18:52,62.30,25,115775
20221116,12:18:57,62.15,100,115775
20221116,12:19:15,63.50,25,115775
20221116,12:19:17,63.80,900,115775
20221116,12:19:22,64.00,225,115775
20221116,12:19:27,64.10,50,115775
20221116,12:19:35,64.00,25,115775
20221116,12:19:37,64.10,125,115775
20221116,12:19:50,64.90,75,115775
20221116,12:19:55,64.30,225,115775
20221116,12:19:57,64.50,25,115775
20221116,12:20:02,63.90,100,115775
20221116,12:20:05,64.10,25,115775
20221116,12:20:25,63.40,25,115775
20221116,12:20:27,63.45,25,115775
20221116,12:20:55,63.00,25,115775
20221116,12:21:22,63.65,75,116825
20221116,12:21:25,64.25,275,116825
20221116,12:21:37,64.35,100,116825
20221116,12:21:50,64.00,75,116825
20221116,12:21:52,63.80,100,116825
20221116,12:21:57,64.00,50,116825
20221116,12:22:07,64.35,250,116825
20221116,12:22:12,63.95,375,116825
20221116,12:22:17,64.30,175,116825
20221116,12:22:47,64.80,100,116825
20221116,12:22:50,65.10,275,116825
20221116,12:22:57,64.25,75,116825
20221116,12:23:02,64.85,25,116825
20221116,12:23:05,64.50,50,116825
20221116,12:23:07,63.70,125,116825
20221116,12:23:30,63.55,25,116825
20221116,12:23:33,63.55,225,116825
20221116,12:23:53,64.10,25,116825
20221116,12:24:03,64.15,150,117675
20221116,12:24:05,64.20,100,117675
20221116,12:24:10,63.75,275,117675
20221116,12:24:15,63.70,50,117675
20221116,12:24:20,64.15,175,117675
20221116,12:24:23,63.85,50,117675
20221116,12:24:30,63.95,325,117675
20221116,12:24:32,63.95,350,117675
20221116,12:24:40,64.20,275,117675
20221116,12:24:42,64.15,275,117675
20221116,12:24:50,64.35,525,117675
20221116,12:24:52,64.55,100,117675
20221116,12:25:00,64.70,25,117675
20221116,12:25:07,64.95,25,117675
20221116,12:25:27,65.60,250,117675
20221116,12:25:30,65.35,25,117675
20221116,12:25:35,65.15,75,117675
20221116,12:25:42,65.00,75,117675
20221116,12:25:47,65.30,50,117675
20221116,12:25:57,65.50,25,117675
20221116,12:26:00,65.80,100,117675
20221116,12:26:12,66.00,200,117675
20221116,12:26:15,65.50,175,117675
20221116,12:26:27,65.70,25,117675
20221116,12:26:42,65.55,125,117675
20221116,12:26:45,65.30,25,117675
20221116,12:27:05,65.80,25,118950
20221116,12:27:12,65.40,725,118950
20221116,12:27:15,65.40,900,118950
20221116,12:27:17,65.45,300,118950
20221116,12:27:20,65.60,350,118950
20221116,12:27:30,65.40,50,118950
20221116,12:27:32,65.60,150,118950
20221116,12:27:50,65.85,25,118950
20221116,12:27:52,66.05,400,118950
20221116,12:28:00,66.45,75,118950
20221116,12:28:15,66.25,25,118950
20221116,12:28:22,66.20,50,118950
20221116,12:28:27,66.25,25,118950
20221116,12:28:37,66.55,25,118950
20221116,12:28:55,66.65,75,118950
20221116,12:29:05,66.45,75,118950
20221116,12:29:22,67.05,25,118950
20221116,12:29:25,66.65,500,118950
20221116,12:29:30,66.70,300,118950
20221116,12:29:33,66.75,25,118950
20221116,12:29:38,66.75,25,118950
20221116,12:29:48,66.95,275,118950
20221116,12:29:51,67.35,275,118950
20221116,12:29:53,67.40,25,118950
20221116,12:29:56,67.35,25,118950
20221116,12:29:58,67.20,25,118950
20221116,12:30:03,67.05,50,120175
20221116,12:30:05,67.55,650,120175
20221116,12:30:13,66.85,25,120175
20221116,12:30:20,67.10,25,120175
20221116,12:30:23,67.15,550,120175
20221116,12:30:30,67.50,100,120175
20221116,12:30:32,67.70,25,120175
20221116,12:30:37,68.05,25,120175
20221116,12:30:42,68.50,150,120175
20221116,12:30:45,68.35,100,120175
20221116,12:30:47,68.15,25,120175
20221116,12:30:50,67.55,50,120175
20221116,12:30:55,66.60,75,120175
20221116,12:30:57,66.90,650,120175
20221116,12:31:00,67.90,200,120175
20221116,12:31:02,67.65,100,120175
20221116,12:31:05,67.70,200,120175
20221116,12:31:07,67.95,125,120175
20221116,12:31:15,68.00,250,120175
20221116,12:31:17,67.95,25,120175
20221116,12:31:20,68.05,50,120175
20221116,12:31:27,68.25,25,120175
20221116,12:31:30,68.00,50,120175
20221116,12:31:35,68.40,375,120175
20221116,12:31:37,68.15,25,120175
20221116,12:31:45,68.55,25,120175
20221116,12:31:47,68.20,575,120175
20221116,12:32:02,68.50,900,120175
20221116,12:32:07,68.75,25,120175
20221116,12:32:15,68.40,25,120175
20221116,12:32:17,68.20,50,120175
20221116,12:32:37,69.10,275,120175
20221116,12:32:42,69.10,25,120175
20221116,12:32:47,69.40,25,120175
20221116,12:32:55,69.10,75,120175
20221116,12:32:57,69.65,50,120175
20221116,12:33:02,69.20,200,122025
20221116,12:33:05,69.30,25,122025
20221116,12:33:07,69.55,450,122025
20221116,12:33:15,69.50,200,122025
20221116,12:33:22,69.70,50,122025
20221116,12:33:27,69.00,900,122025
20221116,12:33:42,69.75,25,122025
20221116,12:33:45,69.65,25,122025
20221116,12:33:50,69.80,25,122025
20221116,12:33:52,69.55,50,122025
20221116,12:34:10,70.00,700,122025
20221116,12:34:17,69.75,25,122025
20221116,12:34:22,70.60,100,122025
20221116,12:34:25,70.25,175,122025
20221116,12:34:27,70.10,25,122025
20221116,12:34:30,70.45,25,122025
20221116,12:34:32,71.05,25,122025
20221116,12:34:37,71.05,225,122025
20221116,12:34:42,71.25,1000,122025
20221116,12:34:45,71.05,100,122025
20221116,12:34:50,71.35,25,122025
20221116,12:34:55,71.20,50,122025
20221116,12:34:57,71.15,25,122025
20221116,12:35:00,71.20,25,122025
20221116,12:35:07,71.95,50,122025
20221116,12:35:12,71.95,200,122025
20221116,12:35:25,71.90,50,122025
20221116,12:35:30,71.70,25,122025
20221116,12:35:39,72.10,25,122025
20221116,12:35:42,72.35,100,122025
20221116,12:35:44,72.15,275,122025
20221116,12:35:49,72.00,25,122025
20221116,12:35:52,72.35,250,122025
20221116,12:35:57,71.35,25,122025
20221116,12:36:04,71.90,50,121600
20221116,12:36:09,71.55,50,121600
20221116,12:36:27,69.65,25,121600
20221116,12:36:30,70.65,400,121600
20221116,12:36:39,70.60,50,121600
20221116,12:36:42,70.80,900,121600
20221116,12:36:47,71.05,125,121600
20221116,12:36:49,71.30,25,121600
20221116,12:36:52,71.05,25,121600
20221116,12:36:57,70.90,25,121600
20221116,12:37:07,70.15,900,121600
20221116,12:37:09,70.15,50,121600
20221116,12:37:17,70.10,50,121600
20221116,12:37:19,70.15,25,121600
20221116,12:37:24,69.00,250,121600
20221116,12:37:57,69.00,25,121600
20221116,12:37:59,69.05,25,121600
20221116,12:38:04,69.25,50,121600
20221116,12:38:12,69.10,25,121600
20221116,12:38:14,69.00,25,121600
20221116,12:38:17,69.00,100,121600
20221116,12:38:19,68.75,100,121600
20221116,12:38:29,68.85,225,121600
20221116,12:38:34,68.90,25,121600
20221116,12:38:47,69.85,325,121600
20221116,12:38:57,69.50,25,121600
20221116,12:39:09,68.70,225,121650
20221116,12:39:17,68.85,25,121650
20221116,12:39:29,69.25,325,121650
20221116,12:39:37,69.05,25,121650
20221116,12:39:44,68.65,100,121650
20221116,12:39:47,68.25,25,121650
20221116,12:39:57,67.70,25,121650
20221116,12:40:09,67.05,25,121650
20221116,12:40:14,66.80,25,121650
20221116,12:40:17,66.90,25,121650
20221116,12:40:19,66.70,25,121650
20221116,12:40:22,66.30,25,121650
20221116,12:40:24,66.50,50,121650
20221116,12:40:27,67.30,25,121650
20221116,12:40:47,68.15,100,121650
20221116,12:40:57,68.75,25,121650
20221116,12:41:27,67.35,300,121650
20221116,12:41:37,67.45,100,121650
20221116,12:42:27,68.75,50,121750
20221116,12:43:00,68.35,250,121750
20221116,12:43:20,67.65,25,121750
20221116,12:43:27,67.10,75,121750
20221116,12:43:42,67.90,625,121750
20221116,12:43:45,67.55,100,121750
20221116,12:43:55,68.05,25,121750
20221116,12:44:05,68.80,50,121750
20221116,12:44:20,68.80,25,121750
20221116,12:44:22,69.15,75,121750
20221116,12:44:35,69.40,525,121750
20221116,12:44:42,69.50,250,121750
20221116,12:44:52,69.30,250,121750
20221116,12:45:02,70.50,500,121750
20221116,12:45:10,70.15,200,123150
20221116,12:45:12,70.30,75,123150
20221116,12:45:15,70.00,50,123150
20221116,12:45:30,71.20,125,123150
20221116,12:45:32,71.10,75,123150
20221116,12:45:35,70.80,25,123150
20221116,12:45:40,71.00,75,123150
20221116,12:45:42,70.35,50,123150
20221116,12:45:55,70.60,175,123150
20221116,12:45:57,70.90,25,123150
20221116,12:46:07,71.25,25,123150
20221116,12:46:10,71.15,1000,123150
20221116,12:46:15,71.25,75,123150
20221116,12:46:17,71.35,75,123150
20221116,12:46:20,71.15,75,123150
20221116,12:46:32,71.15,50,123150
20221116,12:46:42,71.25,125,123150
20221116,12:46:45,71.70,250,123150
20221116,12:46:47,71.45,100,123150
20221116,12:46:55,71.05,125,123150
20221116,12:47:00,71.30,250,123150
20221116,12:47:02,71.00,50,123150
20221116,12:47:12,71.00,125,123150
20221116,12:47:17,70.85,425,123150
20221116,12:47:27,70.25,100,123150
20221116,12:47:30,70.30,75,123150
20221116,12:47:32,70.40,25,123150
20221116,12:47:37,71.05,50,123150
20221116,12:47:42,70.40,275,123150
20221116,12:47:55,69.65,225,123150
20221116,12:47:57,69.40,25,123150
20221116,12:48:02,69.30,50,123150
20221116,12:48:15,69.10,25,124150
20221116,12:48:20,68.25,50,124150
20221116,12:48:22,68.60,150,124150
20221116,12:48:30,68.05,100,124150
20221116,12:48:32,68.55,25,124150
20221116,12:48:35,68.05,50,124150
20221116,12:48:42,67.05,900,124150
20221116,12:48:52,67.25,250,124150
20221116,12:49:07,68.70,325,124150
20221116,12:49:10,68.60,25,124150
20221116,12:49:12,68.15,5250,124150
20221116,12:49:17,68.50,25,124150
20221116,12:49:25,68.90,100,124150
20221116,12:49:32,69.60,50,124150
20221116,12:49:47,69.25,100,124150
20221116,12:50:00,68.85,50,124150
20221116,12:50:02,68.65,100,124150
20221116,12:50:17,66.75,175,124150
20221116,12:50:20,66.90,75,124150
20221116,12:50:22,67.50,225,124150
20221116,12:50:27,67.65,25,124150
20221116,12:50:48,67.45,25,124150
20221116,12:50:50,67.70,50,124150
20221116,12:50:53,68.10,75,124150
20221116,12:51:03,68.15,25,124150
20221116,12:51:05,68.45,25,124650
20221116,12:51:25,68.20,75,124650
20221116,12:51:32,68.60,300,124650
20221116,12:52:02,69.30,150,124650
20221116,12:52:07,69.50,100,124650
20221116,12:52:12,69.35,25,124650
20221116,12:52:15,70.10,300,124650
20221116,12:53:00,70.25,50,124650
20221116,12:53:10,70.80,175,124650
20221116,12:53:20,70.85,50,124650
20221116,12:53:42,70.25,900,124650
20221116,12:53:45,70.40,25,124650
20221116,12:53:48,70.55,25,124650
20221116,12:53:53,70.20,50,124650
20221116,12:53:55,70.15,275,124650
20221116,12:53:58,70.25,25,124650
20221116,12:54:03,70.70,125,124650
20221116,12:54:08,70.40,175,125525
20221116,12:54:10,70.70,50,125525
20221116,12:54:15,71.00,100,125525
20221116,12:54:18,71.25,25,125525
20221116,12:54:20,71.60,225,125525
20221116,12:54:23,71.75,100,125525
20221116,12:54:25,71.90,50,125525
20221116,12:54:28,71.80,25,125525
20221116,12:54:33,71.75,325,125525
20221116,12:54:35,71.15,225,125525
20221116,12:54:38,70.80,25,125525
20221116,12:54:40,71.00,50,125525
20221116,12:54:50,70.55,25,125525
20221116,12:55:03,71.15,25,125525
20221116,12:55:10,70.95,25,125525
20221116,12:55:13,71.00,275,125525
20221116,12:55:15,70.60,100,125525
20221116,12:55:18,70.65,50,125525
20221116,12:55:30,71.00,25,125525
20221116,12:55:37,71.20,425,125525
20221116,12:56:03,71.15,25,125525
20221116,12:56:08,71.20,175,125525
20221116,12:56:10,71.05,50,125525
20221116,12:56:38,70.55,25,125525
20221116,12:56:53,70.25,175,125525
20221116,12:57:15,70.15,100,126300
20221116,12:57:18,70.25,25,126300
20221116,12:57:35,70.70,50,126300
20221116,12:57:55,71.10,25,126300
20221116,12:58:00,71.40,525,126300
20221116,12:58:02,71.30,100,126300
20221116,12:58:25,71.20,50,126300
20221116,12:58:27,70.40,100,126300
20221116,12:58:30,70.55,175,126300
20221116,12:58:42,70.60,75,126300
20221116,12:58:45,70.40,500,126300
20221116,12:58:52,70.25,100,126300
20221116,12:59:17,70.30,100,126300
20221116,12:59:22,70.35,200,126300
20221116,12:59:32,69.95,375,126300
20221116,12:59:35,70.15,250,126300
20221116,12:59:40,70.50,25,126300
20221116,12:59:52,70.60,175,126300
20221116,12:59:57,70.50,25,126300
20221116,13:00:07,70.75,175,126650
20221116,13:00:15,70.25,100,126650
20221116,13:00:17,70.05,50,126650
20221116,13:00:20,69.65,50,126650
20221116,13:00:40,70.40,50,126650
20221116,13:00:53,69.35,25,126650
20221116,13:00:58,69.40,100,126650
20221116,13:01:43,71.15,100,126650
20221116,13:02:18,69.80,50,126650
20221116,13:02:33,70.10,25,126650
20221116,13:02:43,69.90,50,126650
20221116,13:03:06,68.90,25,126650
20221116,13:03:33,69.85,25,126625
20221116,13:04:05,68.65,25,126625
20221116,13:04:08,68.80,25,126625
20221116,13:04:10,68.50,25,126625
20221116,13:04:13,68.65,25,126625
20221116,13:04:15,68.50,25,126625
20221116,13:05:08,69.50,125,126625
20221116,13:05:43,69.25,25,126625
20221116,13:06:13,69.05,25,126600
20221116,13:07:03,67.55,525,126600
20221116,13:07:31,67.65,500,126600
20221116,13:07:35,66.50,150,126600
20221116,13:07:43,67.00,25,126600
20221116,13:08:05,67.90,150,126600
20221116,13:08:20,67.35,50,126600
20221116,13:08:43,67.80,50,126600
20221116,13:08:53,68.30,325,126600
20221116,13:08:58,68.15,50,126600
20221116,13:09:00,68.15,50,126600
20221116,13:09:33,67.70,325,126050
20221116,13:09:43,68.00,150,126050
20221116,13:10:13,68.10,75,126050
20221116,13:10:38,69.90,825,126050
20221116,13:10:43,68.80,50,126050
20221116,13:10:46,68.95,175,126050
20221116,13:10:51,68.80,25,126050
20221116,13:10:53,68.65,50,126050
20221116,13:11:08,68.30,50,126050
20221116,13:11:13,68.20,50,126050
20221116,13:11:43,68.70,75,126050
20221116,13:11:46,68.70,25,126050
20221116,13:11:48,68.85,450,126050
20221116,13:11:51,68.90,900,126050
20221116,13:12:01,68.90,150,126050
20221116,13:12:08,69.00,25,127075
20221116,13:12:11,69.35,150,127075
20221116,13:12:31,69.35,150,127075
20221116,13:12:33,68.65,25,127075
20221116,13:12:41,68.80,25,127075
20221116,13:12:46,68.90,100,127075
20221116,13:12:53,69.05,25,127075
20221116,13:13:28,68.75,25,127075
20221116,13:13:41,68.25,50,127075
20221116,13:13:53,68.15,75,127075
20221116,13:13:56,68.10,25,127075
20221116,13:13:58,67.95,25,127075
20221116,13:14:01,67.95,25,127075
20221116,13:14:03,67.95,25,127075
20221116,13:14:06,67.90,300,127075
20221116,13:14:08,67.90,175,127075
20221116,13:14:11,67.55,25,127075
20221116,13:14:16,68.20,350,127075
20221116,13:14:18,68.85,75,127075
20221116,13:14:28,69.05,25,127075
20221116,13:14:33,68.80,300,127075
20221116,13:14:36,69.45,25,127075
20221116,13:14:58,69.30,200,127075
20221116,13:15:16,70.35,25,128050
20221116,13:15:26,70.10,275,128050
20221116,13:15:31,70.20,25,128050
20221116,13:15:33,68.80,400,128050
20221116,13:15:46,69.50,100,128050
20221116,13:16:29,70.05,175,128050
20221116,13:16:34,69.45,1600,128050
20221116,13:17:26,69.05,125,128050
20221116,13:17:29,68.80,125,128050
20221116,13:17:48,68.55,25,128050
20221116,13:17:51,68.80,25,128050
20221116,13:17:58,68.55,25,128050
20221116,13:18:09,68.45,225,128050
20221116,13:18:19,68.30,50,127025
20221116,13:18:21,68.30,25,127025
20221116,13:18:44,68.35,950,127025
20221116,13:19:19,69.85,25,127025
20221116,13:19:36,69.85,50,127025
20221116,13:19:38,69.90,25,127025
20221116,13:19:48,70.00,75,127025
20221116,13:19:53,69.75,50,127025
20221116,13:20:26,68.90,150,127025
20221116,13:21:21,69.95,925,126900
20221116,13:21:24,69.35,100,126900
20221116,13:21:51,69.05,25,126900
20221116,13:22:09,68.75,150,126900
20221116,13:22:16,69.05,25,126900
20221116,13:23:01,69.15,25,126900
20221116,13:23:11,68.80,50,126900
20221116,13:23:16,68.75,25,126900
20221116,13:23:51,68.60,100,126900
20221116,13:24:06,68.95,25,126900
20221116,13:24:18,68.95,100,127250
20221116,13:24:33,68.60,350,127250
20221116,13:24:48,68.45,25,127250
20221116,13:24:51,68.60,325,127250
20221116,13:24:53,68.45,150,127250
20221116,13:24:58,67.90,150,127250
20221116,13:25:06,67.65,25,127250
20221116,13:25:08,67.55,25,127250
20221116,13:25:13,67.65,25,127250
20221116,13:25:16,68.45,700,127250
20221116,13:25:18,68.45,175,127250
20221116,13:25:31,68.50,25,127250
20221116,13:25:36,68.80,75,127250
20221116,13:25:48,69.10,25,127250
20221116,13:26:03,69.10,25,127250
20221116,13:26:08,68.70,50,127250
20221116,13:26:41,69.10,25,127250
20221116,13:28:21,70.80,275,127050
20221116,13:28:28,70.45,25,127050
20221116,13:28:31,71.25,375,127050
20221116,13:28:33,71.75,175,127050
20221116,13:28:41,72.00,25,127050
20221116,13:28:43,72.00,150,127050
20221116,13:28:56,71.25,150,127050
20221116,13:28:58,71.15,150,127050
20221116,13:29:01,71.30,25,127050
20221116,13:29:03,71.20,25,127050
20221116,13:29:06,71.75,225,127050
20221116,13:29:16,71.20,175,127050
20221116,13:29:21,70.40,100,127050
20221116,13:29:26,69.85,50,127050
20221116,13:29:31,70.10,200,127050
20221116,13:29:33,69.90,400,127050
20221116,13:29:36,69.40,100,127050
20221116,13:29:38,69.05,150,127050
20221116,13:29:41,68.50,100,127050
20221116,13:29:43,67.55,50,127050
20221116,13:29:46,67.00,200,127050
20221116,13:29:48,65.85,50,127050
20221116,13:29:51,63.40,1150,127050
20221116,13:29:56,63.75,125,127050
20221116,13:29:58,65.05,350,127050
20221116,13:30:01,65.45,300,127050
20221116,13:30:03,65.55,125,127050
20221116,13:30:08,66.65,525,127050
20221116,13:30:16,67.05,50,126575
20221116,13:30:21,66.45,200,126575
20221116,13:30:26,66.75,50,126575
20221116,13:30:28,66.95,75,126575
20221116,13:30:31,67.15,25,126575
20221116,13:30:39,68.05,50,126575
20221116,13:30:41,68.35,150,126575
20221116,13:30:46,68.35,175,126575
20221116,13:31:01,68.30,25,126575
20221116,13:31:16,69.10,150,126575
20221116,13:31:36,68.75,250,126575
20221116,13:31:39,68.25,75,126575
20221116,13:31:44,67.95,100,126575
20221116,13:31:49,67.30,75,126575
20221116,13:31:56,65.60,50,126575
20221116,13:31:59,66.25,125,126575
20221116,13:32:01,66.35,25,126575
20221116,13:32:06,67.00,75,126575
20221116,13:32:29,66.30,500,126575
20221116,13:32:36,66.50,500,126575
20221116,13:32:39,66.50,500,126575
20221116,13:32:49,66.50,600,126575
20221116,13:32:51,66.00,25,126575
20221116,13:33:04,65.35,100,126575
20221116,13:33:06,65.00,25,126575
20221116,13:33:16,65.10,125,126475
20221116,13:33:24,65.60,25,126475
20221116,13:33:39,65.50,75,126475
20221116,13:33:44,66.05,25,126475
20221116,13:33:56,66.50,425,126475
20221116,13:34:14,67.25,100,126475
20221116,13:34:26,67.65,150,126475
20221116,13:34:31,67.35,25,126475
20221116,13:34:34,67.30,125,126475
20221116,13:34:46,67.65,50,126475
20221116,13:34:56,67.40,150,126475
20221116,13:34:59,67.20,25,126475
20221116,13:35:04,67.90,50,126475
20221116,13:35:24,67.30,25,126475
20221116,13:35:31,67.40,25,126475
20221116,13:35:36,67.65,1000,126475
20221116,13:35:39,67.55,500,126475
20221116,13:35:44,67.60,1000,126475
20221116,13:35:46,67.40,25,126475
20221116,13:35:51,67.90,525,126475
20221116,13:35:56,68.35,50,126475
20221116,13:35:59,68.80,25,126475
20221116,13:36:01,68.70,225,126475
20221116,13:36:04,68.80,525,126475
20221116,13:36:06,69.45,25,126475
20221116,13:36:14,69.90,50,126350
20221116,13:36:16,70.10,200,126350
20221116,13:36:26,69.45,500,126350
20221116,13:36:29,69.20,175,126350
20221116,13:36:36,69.40,350,126350
20221116,13:36:41,70.00,50,126350
20221116,13:36:49,69.75,300,126350
20221116,13:36:56,70.00,25,126350
20221116,13:36:59,70.55,25,126350
20221116,13:37:06,70.05,25,126350
20221116,13:37:16,69.55,25,126350
20221116,13:37:39,70.05,125,126350
20221116,13:37:41,69.95,200,126350
20221116,13:37:44,70.20,75,126350
20221116,13:37:51,70.30,50,126350
20221116,13:37:54,70.05,75,126350
20221116,13:38:06,71.25,425,126350
20221116,13:38:14,71.75,100,126350
20221116,13:38:19,72.00,175,126350
20221116,13:38:21,71.80,125,126350
20221116,13:38:52,70.95,25,126350
20221116,13:39:02,69.70,200,126350
20221116,13:39:04,70.45,25,126350
20221116,13:39:22,74.05,1225,126950
20221116,13:39:24,74.20,25,126950
20221116,13:39:27,74.00,25,126950
20221116,13:39:32,74.50,200,126950
20221116,13:39:34,73.80,650,126950
20221116,13:39:37,74.35,25,126950
20221116,13:39:39,74.10,100,126950
20221116,13:39:42,74.15,50,126950
20221116,13:39:47,74.15,25,126950
20221116,13:39:52,73.80,1000,126950
20221116,13:40:02,74.50,100,126950
20221116,13:40:04,75.00,225,126950
20221116,13:40:07,76.00,225,126950
20221116,13:40:09,76.55,75,126950
20221116,13:40:12,76.55,250,126950
20221116,13:40:14,76.05,25,126950
20221116,13:40:17,75.70,1075,126950
20221116,13:40:19,75.80,25,126950
20221116,13:40:22,76.00,25,126950
20221116,13:40:29,75.70,500,126950
20221116,13:40:32,76.00,175,126950
20221116,13:40:34,76.00,75,126950
20221116,13:40:37,76.05,25,126950
20221116,13:40:42,75.60,25,126950
20221116,13:40:44,74.80,1200,126950
20221116,13:40:47,74.85,50,126950
20221116,13:40:54,75.35,125,126950
20221116,13:40:57,75.30,50,126950
20221116,13:41:09,75.80,250,126950
20221116,13:41:14,76.35,25,126950
20221116,13:41:17,77.50,25,126950
20221116,13:41:19,77.50,100,126950
20221116,13:41:22,76.40,25,126950
20221116,13:41:32,76.20,150,126950
20221116,13:41:34,76.15,50,126950
20221116,13:41:36,76.20,175,126950
20221116,13:41:39,76.20,250,126950
20221116,13:41:49,76.30,25,126950
20221116,13:41:59,75.65,50,126950
20221116,13:42:01,76.35,50,126950
20221116,13:42:04,76.05,25,126950
20221116,13:42:06,77.15,50,126950
20221116,13:42:14,77.15,200,126475
20221116,13:42:16,77.55,150,126475
20221116,13:42:32,77.55,25,126475
20221116,13:42:37,77.55,525,126475
20221116,13:42:44,76.75,100,126475
20221116,13:42:47,76.80,150,126475
20221116,13:42:49,76.95,25,126475
20221116,13:42:54,75.95,125,126475
20221116,13:42:57,76.40,75,126475
20221116,13:42:59,76.20,100,126475
20221116,13:43:09,76.70,50,126475
20221116,13:43:12,76.35,25,126475
20221116,13:43:14,76.40,50,126475
20221116,13:43:17,75.90,25,126475
20221116,13:43:19,76.25,25,126475
20221116,13:43:24,75.15,75,126475
20221116,13:43:27,75.35,50,126475
20221116,13:43:29,75.35,50,126475
20221116,13:43:32,75.20,900,126475
20221116,13:43:34,75.20,25,126475
20221116,13:43:37,75.00,125,126475
20221116,13:43:39,74.70,125,126475
20221116,13:43:42,73.75,50,126475
20221116,13:43:47,73.80,25,126475
20221116,13:43:52,74.25,200,126475
20221116,13:44:09,74.25,50,126475
20221116,13:44:14,74.30,100,126475
20221116,13:44:22,75.00,25,126475
20221116,13:44:27,76.20,25,126475
20221116,13:44:34,76.90,375,126475
20221116,13:44:37,78.80,150,126475
20221116,13:44:39,79.15,75,126475
20221116,13:44:42,79.50,500,126475
20221116,13:44:44,78.50,25,126475
20221116,13:44:47,78.50,25,126475
20221116,13:44:49,78.60,125,126475
20221116,13:44:54,77.70,25,126475
20221116,13:44:59,78.05,25,126475
20221116,13:45:02,78.05,50,126475
20221116,13:45:07,78.00,200,126475
20221116,13:45:09,78.00,50,126475
20221116,13:45:12,77.30,50,126475
20221116,13:45:19,76.90,50,127450
20221116,13:45:22,75.65,200,127450
20221116,13:45:24,75.70,25,127450
20221116,13:45:37,76.75,25,127450
20221116,13:45:39,76.25,125,127450
20221116,13:45:42,76.25,50,127450
20221116,13:45:44,75.95,50,127450
20221116,13:45:54,75.95,900,127450
20221116,13:45:57,75.90,25,127450
20221116,13:45:59,76.00,50,127450
20221116,13:46:02,75.70,50,127450
20221116,13:46:04,76.05,50,127450
20221116,13:46:07,76.55,100,127450
20221116,13:46:09,77.25,125,127450
20221116,13:46:12,77.50,25,127450
20221116,13:46:17,78.45,150,127450
20221116,13:46:22,78.30,25,127450
20221116,13:46:24,78.30,500,127450
20221116,13:46:32,77.85,25,127450
20221116,13:46:34,78.00,25,127450
20221116,13:46:39,77.75,25,127450
20221116,13:47:02,77.00,200,127450
20221116,13:47:27,76.85,900,127450
20221116,13:47:32,77.50,25,127450
20221116,13:47:42,77.75,250,127450
20221116,13:47:45,78.00,25,127450
20221116,13:47:50,77.75,50,127450
20221116,13:47:52,77.80,25,127450
20221116,13:48:02,77.50,150,127450
20221116,13:48:07,77.55,25,127450
20221116,13:48:22,76.90,50,127800
20221116,13:48:32,76.25,25,127800
20221116,13:48:39,76.45,75,127800
20221116,13:48:49,76.05,675,127800
20221116,13:48:54,75.75,925,127800
20221116,13:48:59,75.75,125,127800
20221116,13:49:05,75.75,25,127800
20221116,13:49:07,75.70,50,127800
20221116,13:49:10,75.95,100,127800
20221116,13:49:15,76.00,250,127800
20221116,13:49:27,76.45,175,127800
20221116,13:49:42,76.45,150,127800
20221116,13:49:44,76.85,50,127800
20221116,13:49:52,78.00,125,127800
20221116,13:49:54,78.35,300,127800
20221116,13:49:57,78.00,325,127800
20221116,13:50:04,78.65,225,127800
20221116,13:50:07,78.50,25,127800
20221116,13:50:09,78.60,25,127800
20221116,13:50:12,78.15,25,127800
20221116,13:50:17,78.95,75,127800
20221116,13:50:19,78.55,50,127800
20221116,13:50:24,79.05,100,127800
20221116,13:50:32,78.85,75,127800
20221116,13:50:34,78.00,125,127800
20221116,13:50:39,77.75,225,127800
20221116,13:50:44,77.60,350,127800
20221116,13:50:49,77.50,100,127800
20221116,13:50:52,77.75,50,127800
20221116,13:50:57,77.90,50,127800
20221116,13:51:02,78.00,25,127800
20221116,13:51:04,78.60,300,127800
20221116,13:51:07,79.00,50,127800
20221116,13:51:15,78.15,25,127375
20221116,13:51:17,77.20,150,127375
20221116,13:51:22,78.20,75,127375
20221116,13:51:27,78.00,25,127375
20221116,13:51:35,77.05,25,127375
20221116,13:51:45,77.55,25,127375
20221116,13:51:57,78.45,175,127375
20221116,13:52:15,78.35,25,127375
20221116,13:52:34,78.70,50,127375
20221116,13:52:37,78.50,25,127375
20221116,13:52:44,78.80,1025,127375
20221116,13:52:49,78.10,25,127375
20221116,13:52:52,78.25,25,127375
20221116,13:52:54,77.75,575,127375
20221116,13:53:02,77.75,50,127375
20221116,13:53:04,77.30,50,127375
20221116,13:53:09,77.05,75,127375
20221116,13:53:12,77.15,75,127375
20221116,13:53:14,77.05,225,127375
20221116,13:53:22,76.95,525,127375
20221116,13:53:24,76.65,300,127375
20221116,13:53:37,76.65,1000,127375
20221116,13:53:40,76.80,25,127375
20221116,13:53:45,76.95,25,127375
20221116,13:53:47,77.40,375,127375
20221116,13:53:57,77.55,25,127375
20221116,13:54:30,78.25,25,127525
20221116,13:54:34,77.40,325,127525
20221116,13:54:49,77.60,125,127525
20221116,13:54:54,77.40,150,127525
20221116,13:55:04,76.55,300,127525
20221116,13:55:07,76.55,75,127525
20221116,13:55:17,76.50,125,127525
20221116,13:55:22,76.20,50,127525
20221116,13:55:24,76.00,50,127525
20221116,13:55:27,76.15,25,127525
20221116,13:55:32,76.70,25,127525
20221116,13:55:37,76.75,125,127525
20221116,13:55:40,76.30,25,127525
20221116,13:55:45,76.55,50,127525
20221116,13:55:52,76.55,50,127525
20221116,13:56:07,76.80,25,127525
20221116,13:56:10,77.10,25,127525
20221116,13:56:15,77.10,25,127525
20221116,13:56:25,76.65,75,127525
20221116,13:56:32,77.05,25,127525
20221116,13:56:35,77.15,25,127525
20221116,13:56:42,76.65,75,127525
20221116,13:57:02,75.35,25,127525
20221116,13:57:05,75.55,25,127525
20221116,13:57:07,75.85,25,127525
20221116,13:57:15,75.75,25,127525
20221116,13:57:17,75.55,900,127875
20221116,13:57:22,76.10,1850,127875
20221116,13:57:27,76.50,150,127875
20221116,13:57:32,76.40,50,127875
20221116,13:57:35,76.15,75,127875
20221116,13:57:37,76.55,25,127875
20221116,13:57:40,76.20,150,127875
20221116,13:57:52,76.75,100,127875
20221116,13:57:55,76.65,200,127875
20221116,13:58:00,76.70,200,127875
20221116,13:58:02,76.75,200,127875
20221116,13:58:17,76.75,100,127875
20221116,13:58:30,76.50,25,127875
20221116,13:58:42,76.65,25,127875
20221116,13:58:52,76.65,25,127875
20221116,13:59:17,76.90,100,127875
20221116,13:59:32,76.25,300,127875
20221116,13:59:37,75.00,250,127875
20221116,13:59:40,75.25,275,127875
20221116,13:59:47,75.70,100,127875
20221116,13:59:52,76.05,25,127875
20221116,14:00:07,75.55,25,127875
20221116,14:00:12,75.60,25,127875
20221116,14:00:20,75.25,50,130175
20221116,14:00:22,75.45,25,130175
20221116,14:00:30,76.30,25,130175
20221116,14:00:37,76.50,75,130175
20221116,14:00:39,76.60,100,130175
20221116,14:00:47,76.20,150,130175
20221116,14:00:59,76.50,300,130175
20221116,14:01:07,75.60,25,130175
20221116,14:01:09,75.55,50,130175
20221116,14:01:49,75.25,100,130175
20221116,14:01:54,75.50,25,130175
20221116,14:02:32,75.70,25,130175
20221116,14:02:52,76.85,25,130175
20221116,14:02:54,76.70,25,130175
20221116,14:03:02,76.20,100,130175
20221116,14:03:04,76.35,50,130175
20221116,14:03:24,76.40,25,130175
20221116,14:03:42,75.85,25,129675
20221116,14:03:49,76.00,25,129675
20221116,14:04:04,75.30,25,129675
20221116,14:04:07,73.60,225,129675
20221116,14:04:09,73.00,150,129675
20221116,14:04:12,73.55,50,129675
20221116,14:04:17,74.45,75,129675
20221116,14:04:37,74.55,200,129675
20221116,14:04:42,74.95,50,129675
20221116,14:04:47,74.40,25,129675
20221116,14:04:57,73.15,100,129675
20221116,14:05:02,72.75,25,129675
20221116,14:05:05,72.80,100,129675
20221116,14:05:07,72.00,25,129675
20221116,14:05:10,70.50,100,129675
20221116,14:05:12,71.05,250,129675
20221116,14:05:15,71.70,25,129675
20221116,14:05:30,71.60,125,129675
20221116,14:05:34,70.85,225,129675
20221116,14:05:47,71.45,25,129675
20221116,14:05:49,71.50,125,129675
20221116,14:05:52,71.60,25,129675
20221116,14:06:04,70.00,50,129675
20221116,14:06:07,68.75,325,129675
20221116,14:06:12,67.55,300,129675
20221116,14:06:14,68.30,50,129675
20221116,14:06:22,67.10,50,129850
20221116,14:06:24,66.60,50,129850
20221116,14:06:27,66.65,25,129850
20221116,14:06:29,66.90,25,129850
20221116,14:06:35,67.25,525,129850
20221116,14:06:40,68.35,25,129850
20221116,14:06:42,68.35,25,129850
20221116,14:06:47,69.10,50,129850
20221116,14:06:55,69.00,25,129850
20221116,14:06:57,68.80,25,129850
20221116,14:07:02,68.20,275,129850
20221116,14:07:10,68.60,75,129850
20221116,14:07:22,69.30,25,129850
20221116,14:07:32,69.00,25,129850
20221116,14:07:37,69.10,200,129850
20221116,14:08:07,67.40,25,129850
20221116,14:08:20,67.00,150,129850
20221116,14:08:22,66.15,200,129850
20221116,14:08:27,66.65,50,129850
20221116,14:08:45,66.80,125,129850
20221116,14:08:47,67.05,275,129850
20221116,14:08:52,67.00,825,129850
20221116,14:08:55,67.25,25,129850
20221116,14:09:07,66.75,25,129850
20221116,14:09:22,68.20,100,128825
20221116,14:09:32,68.65,25,128825
20221116,14:09:35,68.45,325,128825
20221116,14:09:40,68.80,100,128825
20221116,14:09:47,68.50,25,128825
20221116,14:09:55,68.60,25,128825
20221116,14:10:17,69.00,100,128825
20221116,14:10:22,69.35,75,128825
20221116,14:10:37,70.20,50,128825
20221116,14:10:47,70.00,100,128825
20221116,14:10:50,69.95,100,128825
20221116,14:10:52,69.90,25,128825
20221116,14:10:55,69.80,100,128825
20221116,14:10:57,69.90,25,128825
20221116,14:11:18,70.30,25,128825
20221116,14:11:28,70.40,50,128825
20221116,14:11:30,70.00,100,128825
20221116,14:11:33,69.35,25,128825
20221116,14:11:37,69.90,25,128825
20221116,14:11:40,70.35,75,128825
20221116,14:11:50,70.30,25,128825
20221116,14:11:57,70.65,200,128825
20221116,14:12:02,69.00,50,128825
20221116,14:12:07,69.15,25,128825
20221116,14:12:10,69.30,175,128825
20221116,14:12:15,68.80,25,128825
20221116,14:12:17,68.35,50,129000
20221116,14:12:30,68.40,25,129000
20221116,14:12:32,68.35,25,129000
20221116,14:12:45,68.85,25,129000
20221116,14:12:47,69.10,975,129000
20221116,14:12:50,69.15,175,129000
20221116,14:13:02,69.75,50,129000
20221116,14:13:05,69.35,50,129000
20221116,14:13:17,68.40,50,129000
20221116,14:13:30,68.25,25,129000
20221116,14:13:37,68.55,25,129000
20221116,14:13:42,68.40,25,129000
20221116,14:13:50,67.40,50,129000
20221116,14:14:00,68.00,275,129000
20221116,14:14:05,68.15,50,129000
20221116,14:14:22,67.85,125,129000
20221116,14:14:25,68.35,150,129000
20221116,14:14:30,68.50,25,129000
20221116,14:14:32,67.95,350,129000
20221116,14:14:35,68.25,25,129000
20221116,14:14:40,68.30,50,129000
20221116,14:14:45,68.05,25,129000
20221116,14:14:50,67.65,50,129000
20221116,14:14:52,67.35,25,129000
20221116,14:15:05,67.15,25,129000
20221116,14:15:12,67.70,25,129000
20221116,14:15:15,67.65,100,129000
20221116,14:15:25,66.75,200,130000
20221116,14:15:30,66.60,50,130000
20221116,14:15:35,66.75,475,130000
20221116,14:15:42,66.75,25,130000
20221116,14:15:45,67.85,25,130000
20221116,14:15:47,67.25,50,130000
20221116,14:15:50,67.50,100,130000
20221116,14:15:52,67.55,125,130000
20221116,14:15:55,67.30,125,130000
20221116,14:16:00,67.45,50,130000
20221116,14:16:17,66.95,100,130000
20221116,14:16:30,66.80,100,130000
20221116,14:16:38,68.05,25,130000
20221116,14:16:40,68.20,25,130000
20221116,14:16:48,67.50,75,130000
20221116,14:17:05,67.25,25,130000
20221116,14:17:10,67.60,25,130000
20221116,14:17:15,67.80,25,130000
20221116,14:17:18,68.65,75,130000
20221116,14:17:40,68.75,25,130000
20221116,14:17:53,68.40,25,130000
20221116,14:18:00,67.45,25,130000
20221116,14:18:03,67.20,175,130000
20221116,14:18:05,67.80,25,130000
20221116,14:18:08,67.75,25,130000
20221116,14:18:13,67.45,25,130000
20221116,14:18:15,67.40,500,130000
20221116,14:18:20,67.00,100,130100
20221116,14:18:23,67.00,75,130100
20221116,14:18:28,67.70,100,130100
20221116,14:18:35,67.50,25,130100
20221116,14:18:43,67.30,50,130100
20221116,14:18:48,67.30,250,130100
20221116,14:18:55,67.30,250,130100
20221116,14:19:00,67.15,250,130100
20221116,14:19:03,67.10,50,130100
20221116,14:19:05,66.95,25,130100
20221116,14:19:08,65.30,1150,130100
20221116,14:19:10,65.45,125,130100
20221116,14:19:18,64.60,50,130100
20221116,14:19:23,65.15,50,130100
20221116,14:19:25,65.70,625,130100
20221116,14:19:28,65.50,25,130100
20221116,14:19:45,64.00,50,130100
20221116,14:19:55,63.35,50,130100
20221116,14:19:58,63.25,25,130100
20221116,14:20:08,64.55,75,130100
20221116,14:20:13,64.05,100,130100
20221116,14:20:28,62.10,475,130100
20221116,14:20:30,61.35,25,130100
20221116,14:20:33,61.70,25,130100
20221116,14:20:38,61.70,275,130100
20221116,14:20:43,61.55,50,130100
20221116,14:20:48,61.20,200,130100
20221116,14:20:58,60.90,500,130100
20221116,14:21:00,60.70,1500,130100
20221116,14:21:03,60.45,450,130100
20221116,14:21:05,60.00,900,130100
20221116,14:21:08,60.00,25,130100
20221116,14:21:10,59.50,625,130100
20221116,14:21:15,59.35,100,130100
20221116,14:21:18,59.65,550,130100
20221116,14:21:20,59.70,500,127975
20221116,14:21:23,59.25,25,127975
20221116,14:21:33,59.50,50,127975
20221116,14:21:35,58.90,25,127975
20221116,14:21:38,58.85,25,127975
20221116,14:21:40,58.10,25,127975
20221116,14:21:43,58.00,75,127975
20221116,14:21:45,57.95,150,127975
20221116,14:21:48,57.95,50,127975
20221116,14:21:51,58.10,450,127975
20221116,14:21:53,58.40,150,127975
20221116,14:21:58,58.30,225,127975
20221116,14:22:01,58.50,75,127975
20221116,14:22:03,57.50,200,127975
20221116,14:22:06,57.85,75,127975
20221116,14:22:11,58.30,25,127975
20221116,14:22:16,58.75,25,127975
20221116,14:22:18,59.25,50,127975
20221116,14:22:21,58.70,25,127975
20221116,14:22:23,58.60,50,127975
20221116,14:22:26,59.20,475,127975
20221116,14:22:28,59.35,225,127975
20221116,14:22:41,60.05,25,127975
20221116,14:22:53,60.45,50,127975
20221116,14:22:56,60.40,375,127975
20221116,14:22:58,59.55,25,127975
20221116,14:23:01,59.00,950,127975
20221116,14:23:06,59.05,25,127975
20221116,14:23:08,59.30,50,127975
20221116,14:23:13,59.00,25,127975
20221116,14:23:18,59.40,25,127975
20221116,14:23:26,59.70,175,127975
20221116,14:23:28,60.00,25,127975
20221116,14:23:45,60.70,975,127975
20221116,14:23:48,60.55,25,127975
20221116,14:23:50,60.05,75,127975
20221116,14:23:53,60.15,75,127975
20221116,14:23:55,60.25,25,127975
20221116,14:23:58,60.85,25,127975
20221116,14:24:00,61.00,100,127975
20221116,14:24:06,60.90,25,127975
20221116,14:24:13,60.40,75,127975
20221116,14:24:21,60.55,50,127400
20221116,14:24:33,60.35,25,127400
20221116,14:24:36,60.15,125,127400
20221116,14:24:38,60.45,50,127400
20221116,14:24:41,60.40,25,127400
20221116,14:24:56,59.90,25,127400
20221116,14:25:16,60.60,125,127400
20221116,14:25:18,60.65,125,127400
20221116,14:25:28,62.25,75,127400
20221116,14:25:31,62.70,25,127400
20221116,14:25:33,62.00,50,127400
20221116,14:25:38,62.20,50,127400
20221116,14:25:43,61.40,100,127400
20221116,14:25:46,61.50,25,127400
20221116,14:25:48,61.35,50,127400
20221116,14:25:53,61.30,25,127400
20221116,14:25:58,61.65,50,127400
20221116,14:26:01,62.55,100,127400
20221116,14:26:11,62.60,25,127400
20221116,14:26:13,62.45,50,127400
20221116,14:26:16,62.85,25,127400
20221116,14:26:23,62.75,25,127400
20221116,14:26:31,62.65,100,127400
20221116,14:26:36,62.80,25,127400
20221116,14:26:43,63.05,50,127400
20221116,14:26:46,63.05,125,127400
20221116,14:26:51,62.85,25,127400
20221116,14:26:53,62.55,25,127400
20221116,14:26:58,62.70,75,127400
20221116,14:27:01,62.60,25,127400
20221116,14:27:08,62.05,350,127400
20221116,14:27:11,62.20,25,127400
20221116,14:27:13,62.00,25,127400
20221116,14:27:16,62.35,50,127400
20221116,14:27:28,62.90,250,127350
20221116,14:27:33,63.40,25,127350
20221116,14:27:36,63.30,25,127350
20221116,14:27:43,63.25,25,127350
20221116,14:27:51,62.70,75,127350
20221116,14:27:56,62.65,200,127350
20221116,14:28:06,62.30,50,127350
20221116,14:28:08,62.05,50,127350
20221116,14:28:11,62.35,25,127350
20221116,14:28:13,62.50,25,127350
20221116,14:28:16,62.55,25,127350
20221116,14:28:28,63.15,25,127350
20221116,14:28:31,63.40,175,127350
20221116,14:28:41,64.85,50,127350
20221116,14:28:44,65.70,200,127350
20221116,14:28:46,65.85,125,127350
20221116,14:28:49,65.50,25,127350
20221116,14:28:54,65.70,25,127350
20221116,14:29:01,65.45,25,127350
20221116,14:29:04,65.50,325,127350
20221116,14:29:06,65.05,75,127350
20221116,14:29:11,65.40,25,127350
20221116,14:29:29,65.50,250,127350
20221116,14:29:31,65.20,25,127350
20221116,14:29:43,65.35,125,127350
20221116,14:29:46,65.10,675,127350
20221116,14:29:56,64.60,25,127350
20221116,14:29:58,64.90,25,127350
20221116,14:30:13,63.65,50,127350
20221116,14:30:18,63.55,25,127350
20221116,14:30:23,64.05,150,126825
20221116,14:30:26,64.50,900,126825
20221116,14:30:29,64.20,25,126825
20221116,14:30:31,64.00,50,126825
20221116,14:30:36,64.05,500,126825
20221116,14:30:39,64.25,25,126825
20221116,14:30:44,64.15,25,126825
20221116,14:30:49,63.95,175,126825
20221116,14:31:01,64.50,25,126825
20221116,14:31:09,64.25,25,126825
20221116,14:31:19,64.20,25,126825
20221116,14:31:26,63.35,150,126825
20221116,14:31:31,63.20,25,126825
20221116,14:31:34,63.25,25,126825
20221116,14:31:36,63.35,25,126825
20221116,14:31:39,64.00,150,126825
20221116,14:31:54,63.10,100,126825
20221116,14:32:09,62.00,25,126825
20221116,14:32:11,62.55,25,126825
20221116,14:32:21,64.30,50,126825
20221116,14:32:24,64.25,75,126825
20221116,14:32:31,64.75,75,126825
20221116,14:32:41,65.00,275,126825
20221116,14:32:44,65.15,125,126825
20221116,14:32:51,65.40,25,126825
20221116,14:32:54,65.60,675,126825
20221116,14:32:56,66.30,50,126825
20221116,14:33:01,66.45,300,126825
20221116,14:33:06,66.00,200,126825
20221116,14:33:14,64.90,125,126825
20221116,14:33:19,65.85,25,126825
20221116,14:33:34,65.85,25,126875
20221116,14:33:41,65.70,25,126875
20221116,14:33:46,65.35,25,126875
20221116,14:33:51,64.70,1000,126875
20221116,14:33:54,65.00,75,126875
20221116,14:33:59,64.80,50,126875
20221116,14:34:01,64.55,175,126875
20221116,14:34:06,63.75,25,126875
20221116,14:34:19,64.55,25,126875
20221116,14:34:21,63.95,25,126875
20221116,14:34:24,63.20,150,126875
20221116,14:34:26,63.15,25,126875
20221116,14:34:31,63.00,250,126875
20221116,14:34:36,63.25,275,126875
20221116,14:34:39,63.20,50,126875
20221116,14:34:41,62.90,175,126875
20221116,14:34:49,62.60,50,126875
20221116,14:34:51,62.30,125,126875
20221116,14:34:59,62.00,25,126875
20221116,14:35:01,61.85,500,126875
20221116,14:35:11,61.55,25,126875
20221116,14:35:21,61.35,25,126875
20221116,14:35:24,60.60,50,126875
20221116,14:35:29,60.00,75,126875
20221116,14:35:31,60.00,175,126875
20221116,14:35:46,60.95,150,126875
20221116,14:36:06,60.95,50,126875
20221116,14:36:09,61.10,75,126875
20221116,14:36:11,61.40,25,126875
20221116,14:36:21,61.40,50,126875
20221116,14:36:26,61.35,100,126175
20221116,14:36:29,61.90,100,126175
20221116,14:36:34,62.15,50,126175
20221116,14:36:49,62.00,100,126175
20221116,14:36:51,62.65,300,126175
20221116,14:36:56,63.00,100,126175
20221116,14:37:04,63.65,25,126175
20221116,14:37:11,63.50,100,126175
20221116,14:37:14,63.50,25,126175
20221116,14:37:16,64.00,500,126175
20221116,14:37:19,64.95,25,126175
20221116,14:37:34,63.20,25,126175
20221116,14:38:04,61.80,250,126175
20221116,14:38:06,61.20,25,126175
20221116,14:38:09,61.10,25,126175
20221116,14:38:16,61.50,50,126175
20221116,14:38:19,61.70,25,126175
20221116,14:38:46,61.30,175,126175
20221116,14:38:51,60.85,75,126175
20221116,14:39:03,60.10,550,126175
20221116,14:39:06,60.35,775,126175
20221116,14:39:11,60.45,25,126175
20221116,14:39:13,60.55,175,126175
20221116,14:39:16,60.25,1225,126175
20221116,14:39:18,60.50,175,126175
20221116,14:39:21,60.65,250,126175
20221116,14:39:26,61.05,150,126275
20221116,14:39:31,60.55,25,126275
20221116,14:39:34,61.10,175,126275
20221116,14:39:39,61.05,275,126275
20221116,14:39:44,61.20,25,126275
20221116,14:40:06,60.85,125,126275
20221116,14:40:21,62.40,425,126275
20221116,14:40:24,62.60,400,126275
20221116,14:40:31,62.00,75,126275
20221116,14:40:34,61.60,50,126275
20221116,14:40:44,60.80,125,126275
20221116,14:40:46,61.00,100,126275
20221116,14:40:51,61.25,25,126275
20221116,14:41:06,60.40,125,126275
20221116,14:41:09,60.00,50,126275
20221116,14:41:16,59.65,25,126275
20221116,14:41:24,59.70,50,126275
20221116,14:41:26,58.30,50,126275
20221116,14:41:29,58.60,25,126275
20221116,14:41:31,58.20,50,126275
20221116,14:41:34,57.20,300,126275
20221116,14:41:36,57.00,150,126275
20221116,14:41:39,56.60,350,126275
20221116,14:41:41,56.45,200,126275
20221116,14:41:44,56.70,150,126275
20221116,14:41:49,56.65,400,126275
20221116,14:41:51,56.65,50,126275
20221116,14:41:54,56.50,50,126275
20221116,14:41:56,56.70,150,126275
20221116,14:41:59,56.65,225,126275
20221116,14:42:01,56.55,25,126275
20221116,14:42:04,55.25,275,126275
20221116,14:42:06,54.90,675,126275
20221116,14:42:09,54.35,100,126275
20221116,14:42:11,54.40,175,126275
20221116,14:42:14,54.00,675,126275
20221116,14:42:16,52.65,375,126275
20221116,14:42:19,52.80,325,126275
20221116,14:42:21,53.70,150,126275
20221116,14:42:24,53.80,275,126700
20221116,14:42:26,53.45,350,126700
20221116,14:42:29,53.70,300,126700
20221116,14:42:31,53.85,25,126700
20221116,14:42:34,53.40,175,126700
20221116,14:42:37,53.85,75,126700
20221116,14:42:39,53.85,25,126700
20221116,14:42:42,53.45,75,126700
20221116,14:42:44,52.85,175,126700
20221116,14:42:49,52.90,75,126700
20221116,14:42:52,53.25,100,126700
20221116,14:42:54,52.80,125,126700
20221116,14:42:57,53.45,50,126700
20221116,14:42:59,54.10,125,126700
20221116,14:43:04,54.15,50,126700
20221116,14:43:07,53.75,125,126700
20221116,14:43:09,53.75,175,126700
20221116,14:43:12,53.70,75,126700
20221116,14:43:17,53.80,150,126700
20221116,14:43:19,54.70,75,126700
20221116,14:43:22,54.70,150,126700
20221116,14:43:24,55.00,50,126700
20221116,14:43:27,54.80,75,126700
20221116,14:43:29,54.20,125,126700
20221116,14:43:32,53.90,200,126700
20221116,14:43:34,53.55,25,126700
20221116,14:43:39,53.90,75,126700
20221116,14:43:42,53.55,75,126700
20221116,14:43:52,53.50,25,126700
20221116,14:43:54,52.80,25,126700
20221116,14:43:57,53.55,200,126700
20221116,14:43:59,53.70,200,126700
20221116,14:44:02,54.25,100,126700
20221116,14:44:17,55.15,775,126700
20221116,14:44:19,55.10,100,126700
20221116,14:44:22,55.95,75,126700
20221116,14:44:24,56.00,400,126700
20221116,14:44:27,55.70,50,126700
20221116,14:44:29,55.70,50,126700
20221116,14:44:32,55.40,25,126700
20221116,14:44:42,55.10,25,126700
20221116,14:44:52,55.45,25,126700
20221116,14:44:54,55.30,25,126700
20221116,14:44:59,56.00,25,126700
20221116,14:45:02,55.30,50,126700
20221116,14:45:07,55.75,75,126700
20221116,14:45:12,56.15,4350,126700
20221116,14:45:14,56.80,2750,126700
20221116,14:45:17,57.05,3800,126700
20221116,14:45:19,57.25,600,126700
20221116,14:45:24,57.55,25,126700
20221116,14:45:27,58.15,125,116200
20221116,14:45:29,57.60,300,116200
20221116,14:45:32,57.65,125,116200
20221116,14:45:34,57.50,175,116200
20221116,14:45:36,57.85,50,116200
20221116,14:45:39,57.00,225,116200
20221116,14:45:44,56.65,100,116200
20221116,14:45:46,56.25,75,116200
20221116,14:45:49,56.15,50,116200
20221116,14:45:51,56.55,25,116200
20221116,14:45:56,55.75,150,116200
20221116,14:45:59,55.90,200,116200
20221116,14:46:04,55.30,100,116200
20221116,14:46:07,55.05,25,116200
20221116,14:46:09,54.90,450,116200
20221116,14:46:12,54.60,100,116200
20221116,14:46:14,54.55,50,116200
20221116,14:46:17,55.20,200,116200
20221116,14:46:22,55.50,225,116200
20221116,14:46:27,56.15,625,116200
20221116,14:46:29,56.45,25,116200
20221116,14:46:32,56.70,275,116200
20221116,14:46:34,56.55,25,116200
20221116,14:46:37,56.85,75,116200
20221116,14:46:42,56.35,50,116200
20221116,14:46:44,56.55,25,116200
20221116,14:46:47,55.95,50,116200
20221116,14:46:49,56.20,100,116200
20221116,14:46:54,56.35,75,116200
20221116,14:46:57,56.40,25,116200
20221116,14:47:02,56.55,50,116200
20221116,14:47:07,57.20,75,116200
20221116,14:47:09,57.20,150,116200
20221116,14:47:12,56.90,25,116200
20221116,14:47:14,57.45,125,116200
20221116,14:47:17,57.40,100,116200
20221116,14:47:22,56.80,25,116200
20221116,14:47:29,56.25,150,116200
20221116,14:47:39,56.50,75,116200
20221116,14:47:42,56.50,75,116200
20221116,14:47:59,56.35,50,116200
20221116,14:48:02,56.25,25,116200
20221116,14:48:04,54.55,150,116200
20221116,14:48:09,55.00,25,116200
20221116,14:48:12,54.80,100,116200
20221116,14:48:27,56.20,150,117375
20221116,14:48:49,56.50,100,117375
20221116,14:48:57,55.80,25,117375
20221116,14:49:02,55.80,250,117375
20221116,14:49:04,56.10,50,117375
20221116,14:49:07,56.50,25,117375
20221116,14:49:09,56.60,275,117375
20221116,14:49:12,56.90,75,117375
20221116,14:49:17,56.85,150,117375
20221116,14:49:39,57.10,50,117375
20221116,14:49:44,56.90,25,117375
20221116,14:49:59,57.75,75,117375
20221116,14:50:02,57.50,25,117375
20221116,14:50:14,58.90,175,117375
20221116,14:50:19,59.20,125,117375
20221116,14:50:24,60.35,25,117375
20221116,14:50:27,61.30,975,117375
20221116,14:50:30,60.95,25,117375
20221116,14:50:32,60.20,125,117375
20221116,14:50:35,60.20,150,117375
20221116,14:50:37,60.60,150,117375
20221116,14:50:40,61.00,150,117375
20221116,14:50:42,60.80,25,117375
20221116,14:50:45,60.65,50,117375
20221116,14:50:47,61.20,25,117375
20221116,14:50:50,61.95,25,117375
20221116,14:50:52,61.45,75,117375
20221116,14:50:55,61.75,75,117375
20221116,14:50:57,62.25,375,117375
20221116,14:51:02,61.75,875,117375
20221116,14:51:05,62.10,200,117375
20221116,14:51:07,61.95,25,117375
20221116,14:51:10,61.75,175,117375
20221116,14:51:12,61.90,125,117375
20221116,14:51:20,62.00,100,117375
20221116,14:51:30,63.70,800,118050
20221116,14:51:32,64.25,325,118050
20221116,14:51:34,65.45,125,118050
20221116,14:51:37,65.00,850,118050
20221116,14:51:42,63.80,125,118050
20221116,14:51:44,64.20,225,118050
20221116,14:51:49,63.95,225,118050
20221116,14:51:54,62.85,25,118050
20221116,14:51:59,63.55,425,118050
20221116,14:52:09,62.15,150,118050
20221116,14:52:14,61.70,50,118050
20221116,14:52:17,62.05,50,118050
20221116,14:52:27,63.45,425,118050
20221116,14:52:29,63.90,25,118050
20221116,14:52:32,63.80,25,118050
20221116,14:52:37,63.40,75,118050
20221116,14:52:44,63.65,25,118050
20221116,14:52:52,63.95,25,118050
20221116,14:52:55,63.80,25,118050
20221116,14:53:05,64.00,25,118050
20221116,14:53:07,64.05,25,118050
20221116,14:53:10,63.85,150,118050
20221116,14:53:20,63.35,50,118050
20221116,14:53:22,62.85,25,118050
20221116,14:53:27,63.15,50,118050
20221116,14:53:37,63.30,50,118050
20221116,14:53:47,63.80,25,118050
20221116,14:53:57,62.80,25,118050
20221116,14:53:59,62.85,25,118050
20221116,14:54:07,62.95,25,118050
20221116,14:54:14,63.20,50,118050
20221116,14:54:44,63.30,25,116850
20221116,14:54:52,62.95,75,116850
20221116,14:54:55,62.65,250,116850
20221116,14:54:57,62.50,150,116850
20221116,14:55:02,62.70,225,116850
20221116,14:55:05,62.80,25,116850
20221116,14:55:20,63.10,50,116850
20221116,14:55:22,63.15,50,116850
20221116,14:55:25,62.80,50,116850
20221116,14:55:27,62.65,50,116850
20221116,14:55:32,62.45,25,116850
20221116,14:55:35,62.60,25,116850
20221116,14:55:45,62.30,75,116850
20221116,14:55:52,62.70,25,116850
20221116,14:56:05,62.20,50,116850
20221116,14:56:07,62.55,25,116850
20221116,14:56:20,62.95,50,116850
20221116,14:56:25,64.25,125,116850
20221116,14:56:27,64.05,100,116850
20221116,14:56:30,63.60,75,116850
20221116,14:56:32,63.60,75,116850
20221116,14:56:47,65.20,50,116850
20221116,14:56:54,64.80,25,116850
20221116,14:57:15,64.30,25,116850
20221116,14:57:20,64.45,25,116850
20221116,14:57:34,64.85,25,117125
20221116,14:57:37,65.20,300,117125
20221116,14:57:42,65.50,175,117125
20221116,14:57:44,65.50,100,117125
20221116,14:57:47,66.00,50,117125
20221116,14:57:49,66.00,25,117125
20221116,14:57:54,65.70,50,117125
20221116,14:57:59,65.85,50,117125
20221116,14:58:02,67.00,150,117125
20221116,14:58:14,67.15,25,117125
20221116,14:58:17,66.80,100,117125
20221116,14:58:19,65.90,75,117125
20221116,14:58:32,65.50,175,117125
20221116,14:58:34,65.30,50,117125
20221116,14:58:37,66.00,275,117125
20221116,14:58:39,65.50,400,117125
20221116,14:58:44,65.40,50,117125
20221116,14:58:47,65.80,25,117125
20221116,14:59:02,65.00,150,117125
20221116,14:59:07,64.85,175,117125
20221116,14:59:12,64.60,75,117125
20221116,14:59:14,65.00,25,117125
20221116,14:59:17,64.50,50,117125
20221116,14:59:22,66.25,900,117125
20221116,14:59:24,66.55,350,117125
20221116,14:59:27,66.20,25,117125
20221116,14:59:29,67.20,75,117125
20221116,14:59:42,67.70,25,117125
20221116,14:59:50,67.80,25,117125
20221116,14:59:55,67.95,50,117125
20221116,14:59:57,67.55,25,117125
20221116,15:00:00,68.10,875,117125
20221116,15:00:02,68.00,300,117125
20221116,15:00:05,68.30,275,117125
20221116,15:00:07,67.80,100,117125
20221116,15:00:10,67.55,50,117125
20221116,15:00:12,66.45,50,117125
20221116,15:00:25,68.00,50,117125
20221116,15:00:27,68.65,25,117125
20221116,15:00:30,68.40,50,117800
20221116,15:00:34,68.75,375,117800
20221116,15:00:39,67.50,375,117800
20221116,15:00:44,67.95,50,117800
20221116,15:00:54,68.60,200,117800
20221116,15:00:57,68.70,150,117800
20221116,15:00:59,68.15,25,117800
20221116,15:01:02,68.70,100,117800
20221116,15:01:04,68.30,25,117800
20221116,15:01:07,69.10,50,117800
20221116,15:01:09,69.50,75,117800
20221116,15:01:12,68.70,25,117800
20221116,15:01:14,68.65,50,117800
20221116,15:01:24,70.20,100,117800
20221116,15:01:32,68.90,50,117800
20221116,15:01:37,68.30,25,117800
20221116,15:01:40,68.55,75,117800
20221116,15:01:42,68.00,25,117800
20221116,15:01:52,67.50,50,117800
20221116,15:01:55,67.05,175,117800
20221116,15:01:57,66.90,175,117800
20221116,15:02:02,66.15,100,117800
20221116,15:02:05,67.10,125,117800
20221116,15:02:07,66.85,275,117800
20221116,15:02:12,67.65,150,117800
20221116,15:02:15,66.65,25,117800
20221116,15:02:20,66.85,125,117800
20221116,15:02:27,68.25,350,117800
20221116,15:02:30,68.75,25,117800
20221116,15:02:32,68.05,25,117800
20221116,15:02:37,68.05,850,117800
20221116,15:02:47,68.60,75,117800
20221116,15:02:50,68.55,25,117800
20221116,15:02:52,69.15,400,117800
20221116,15:03:00,69.30,50,117800
20221116,15:03:02,69.40,25,117800
20221116,15:03:05,69.00,25,117800
20221116,15:03:07,69.20,50,117800
20221116,15:03:10,68.95,125,117800
20221116,15:03:15,69.25,25,117800
20221116,15:03:22,68.85,275,117800
20221116,15:03:25,68.50,125,117800
20221116,15:03:27,68.75,25,117800
20221116,15:03:30,69.35,200,117275
20221116,15:03:32,69.55,25,117275
20221116,15:03:42,69.00,25,117275
20221116,15:03:50,68.40,25,117275
20221116,15:03:52,68.20,500,117275
20221116,15:03:57,68.25,25,117275
20221116,15:04:02,67.85,100,117275
20221116,15:04:05,67.85,25,117275
20221116,15:04:17,67.70,50,117275
20221116,15:04:20,68.60,325,117275
20221116,15:04:25,68.05,100,117275
20221116,15:04:27,67.95,125,117275
20221116,15:04:30,67.80,25,117275
20221116,15:04:32,67.50,50,117275
20221116,15:04:35,67.80,150,117275
20221116,15:04:47,66.70,25,117275
20221116,15:04:52,65.50,75,117275
20221116,15:04:55,65.25,450,117275
20221116,15:04:57,65.55,100,117275
20221116,15:05:02,65.05,25,117275
20221116,15:05:07,64.90,50,117275
20221116,15:05:15,63.05,75,117275
20221116,15:05:20,62.35,50,117275
20221116,15:05:22,62.60,75,117275
20221116,15:05:25,62.95,50,117275
20221116,15:05:27,63.20,25,117275
20221116,15:05:35,64.00,125,117275
20221116,15:05:40,64.65,50,117275
20221116,15:05:47,64.50,25,117275
20221116,15:05:50,64.15,25,117275
20221116,15:05:55,63.80,300,117275
20221116,15:06:00,63.25,25,117275
20221116,15:06:02,63.60,275,117275
20221116,15:06:10,63.25,25,117275
20221116,15:06:20,63.40,50,117275
20221116,15:06:25,63.70,75,117275
20221116,15:06:45,64.45,150,117300
20221116,15:06:50,65.00,75,117300
20221116,15:06:52,65.25,25,117300
20221116,15:07:02,67.20,475,117300
20221116,15:07:05,67.85,50,117300
20221116,15:07:10,67.85,25,117300
20221116,15:07:12,67.25,50,117300
20221116,15:07:15,68.00,25,117300
20221116,15:07:17,68.25,150,117300
20221116,15:07:22,68.05,25,117300
20221116,15:07:25,67.00,25,117300
20221116,15:07:27,67.50,150,117300
20221116,15:07:30,66.90,175,117300
20221116,15:07:50,66.45,100,117300
20221116,15:07:52,66.70,25,117300
20221116,15:08:05,66.85,525,117300
20221116,15:08:15,65.45,650,117300
20221116,15:08:20,64.75,75,117300
20221116,15:08:22,64.15,100,117300
20221116,15:08:25,64.30,175,117300
20221116,15:08:27,64.70,25,117300
20221116,15:08:30,65.00,175,117300
20221116,15:08:35,65.65,150,117300
20221116,15:08:37,65.80,25,117300
20221116,15:08:52,65.85,100,117300
20221116,15:08:55,66.50,350,117300
20221116,15:08:57,66.35,450,117300
20221116,15:09:00,66.50,150,117300
20221116,15:09:05,66.00,225,117300
20221116,15:09:17,66.20,25,117300
20221116,15:09:32,65.60,225,117575
20221116,15:09:37,65.35,25,117575
20221116,15:09:45,65.40,250,117575
20221116,15:09:47,65.05,25,117575
20221116,15:09:50,64.95,250,117575
20221116,15:10:00,65.50,100,117575
20221116,15:10:02,65.40,375,117575
20221116,15:10:05,65.30,25,117575
20221116,15:10:07,65.25,50,117575
20221116,15:10:10,65.20,50,117575
20221116,15:10:25,65.40,100,117575
20221116,15:10:40,65.10,75,117575
20221116,15:10:47,64.65,25,117575
20221116,15:10:55,66.30,325,117575
20221116,15:11:00,66.20,175,117575
20221116,15:11:07,64.85,350,117575
20221116,15:11:10,64.65,50,117575
20221116,15:11:12,64.50,50,117575
20221116,15:11:15,64.00,25,117575
20221116,15:11:17,63.60,75,117575
20221116,15:11:20,63.65,25,117575
20221116,15:11:22,62.90,25,117575
20221116,15:11:25,63.10,50,117575
20221116,15:11:27,63.15,150,117575
20221116,15:11:30,63.95,275,117575
20221116,15:11:37,63.75,100,117575
20221116,15:11:40,63.80,25,117575
20221116,15:11:42,63.85,50,117575
20221116,15:11:47,63.90,25,117575
20221116,15:11:50,63.25,150,117575
20221116,15:11:52,63.75,525,117575
20221116,15:11:55,63.75,25,117575
20221116,15:11:57,63.85,100,117575
20221116,15:12:00,63.20,100,117575
20221116,15:12:02,62.80,100,117575
20221116,15:12:05,62.75,150,117575
20221116,15:12:07,62.05,175,117575
20221116,15:12:10,61.80,50,117575
20221116,15:12:12,62.20,50,117575
20221116,15:12:15,62.70,50,117575
20221116,15:12:17,62.55,50,117575
20221116,15:12:20,62.70,25,117575
20221116,15:12:27,63.70,100,117575
20221116,15:12:32,64.10,25,117900
20221116,15:12:50,63.70,50,117900
20221116,15:12:53,63.75,150,117900
20221116,15:12:55,64.10,25,117900
20221116,15:13:00,63.10,625,117900
20221116,15:13:03,63.40,125,117900
20221116,15:13:18,62.45,25,117900
20221116,15:13:20,62.85,325,117900
20221116,15:13:23,62.65,50,117900
20221116,15:13:30,61.85,50,117900
20221116,15:13:40,62.65,50,117900
20221116,15:13:45,62.60,150,117900
20221116,15:13:48,62.25,25,117900
20221116,15:13:50,62.30,25,117900
20221116,15:13:58,62.65,75,117900
20221116,15:14:00,62.70,75,117900
20221116,15:14:03,62.95,300,117900
20221116,15:14:05,62.70,25,117900
20221116,15:14:08,61.90,350,117900
20221116,15:14:10,62.35,25,117900
20221116,15:14:13,62.05,75,117900
20221116,15:14:15,61.50,150,117900
20221116,15:14:18,61.15,650,117900
20221116,15:14:20,60.90,350,117900
20221116,15:14:23,61.20,200,117900
20221116,15:14:28,62.10,25,117900
20221116,15:14:30,62.50,25,117900
20221116,15:14:50,62.05,25,117900
20221116,15:14:55,62.00,50,117900
20221116,15:15:00,62.70,2775,117900
20221116,15:15:03,62.60,100,117900
20221116,15:15:05,62.45,75,117900
20221116,15:15:08,62.20,25,117900
20221116,15:15:10,62.25,50,117900
20221116,15:15:13,62.45,75,117900
20221116,15:15:25,62.35,125,117900
20221116,15:15:28,62.30,25,117900
20221116,15:15:33,63.70,350,116975
20221116,15:15:40,61.85,300,116975
20221116,15:15:43,61.60,50,116975
20221116,15:15:48,61.40,50,116975
20221116,15:15:50,61.65,50,116975
20221116,15:15:53,61.55,25,116975
20221116,15:15:55,61.45,75,116975
20221116,15:15:58,61.60,50,116975
20221116,15:16:00,61.25,825,116975
20221116,15:16:03,60.65,500,116975
20221116,15:16:08,59.20,100,116975
20221116,15:16:10,58.30,650,116975
20221116,15:16:13,58.15,25,116975
20221116,15:16:15,58.75,325,116975
20221116,15:16:20,58.95,375,116975
20221116,15:16:23,59.60,100,116975
20221116,15:16:25,58.95,25,116975
20221116,15:16:30,58.25,50,116975
20221116,15:16:35,58.70,25,116975
20221116,15:16:43,59.40,125,116975
20221116,15:16:48,59.00,300,116975
20221116,15:16:50,58.75,25,116975
20221116,15:17:01,59.35,50,116975
20221116,15:17:03,59.40,75,116975
20221116,15:17:06,59.15,75,116975
20221116,15:17:08,58.70,825,116975
20221116,15:17:11,58.95,500,116975
20221116,15:17:16,58.55,100,116975
20221116,15:17:18,57.60,300,116975
20221116,15:17:21,57.30,25,116975
20221116,15:17:23,57.75,150,116975
20221116,15:17:26,57.20,25,116975
20221116,15:17:31,57.75,25,116975
20221116,15:17:36,58.20,100,116975
20221116,15:17:38,58.35,125,116975
20221116,15:17:41,58.20,250,116975
20221116,15:17:43,58.05,25,116975
20221116,15:17:46,57.90,325,116975
20221116,15:17:48,57.45,125,116975
20221116,15:17:53,57.50,25,116975
20221116,15:17:56,57.05,50,116975
20221116,15:17:58,57.25,50,116975
20221116,15:18:01,57.15,175,116975
20221116,15:18:03,57.30,100,116975
20221116,15:18:06,57.30,50,116975
20221116,15:18:08,57.15,25,116975
20221116,15:18:11,56.55,550,116975
20221116,15:18:21,55.80,150,116975
20221116,15:18:23,56.25,50,116975
20221116,15:18:26,56.55,50,116975
20221116,15:18:31,56.50,50,116675
20221116,15:18:33,56.85,200,116675
20221116,15:18:41,57.05,50,116675
20221116,15:18:43,56.75,50,116675
20221116,15:18:48,57.60,200,116675
20221116,15:18:51,57.35,1200,116675
20221116,15:19:01,57.35,150,116675
20221116,15:19:06,57.50,25,116675
20221116,15:19:13,57.25,150,116675
20221116,15:19:16,57.75,300,116675
20221116,15:19:18,57.40,750,116675
20221116,15:19:26,57.75,150,116675
20221116,15:19:28,57.50,400,116675
20221116,15:19:31,57.60,25,116675
20221116,15:19:36,57.25,150,116675
20221116,15:19:38,57.20,50,116675
20221116,15:19:43,57.40,50,116675
20221116,15:19:46,57.85,375,116675
20221116,15:19:48,57.65,125,116675
20221116,15:19:51,57.75,25,116675
20221116,15:19:56,58.15,3025,116675
20221116,15:19:58,58.15,25,116675
20221116,15:20:03,57.90,25,116675
20221116,15:20:06,57.95,150,116675
20221116,15:20:08,57.70,25,116675
20221116,15:20:13,58.30,225,116675
20221116,15:20:16,58.05,1150,116675
20221116,15:20:21,58.20,350,116675
20221116,15:20:26,58.55,225,116675
20221116,15:20:31,58.30,800,116675
20221116,15:20:36,58.75,125,116675
20221116,15:20:41,58.15,125,116675
20221116,15:20:51,58.15,825,116675
20221116,15:20:56,57.60,325,116675
20221116,15:20:58,57.80,550,116675
20221116,15:21:01,57.80,75,116675
20221116,15:21:03,58.35,175,116675
20221116,15:21:06,58.05,950,116675
20221116,15:21:11,57.90,25,116675
20221116,15:21:13,58.35,50,116675
20221116,15:21:16,58.45,50,116675
20221116,15:21:21,58.20,50,116675
20221116,15:21:26,57.95,650,116675
20221116,15:21:28,58.00,75,116675
20221116,15:21:31,57.95,225,119375
20221116,15:21:33,57.60,175,119375
20221116,15:21:36,57.55,25,119375
20221116,15:21:41,57.85,500,119375
20221116,15:21:43,57.65,75,119375
20221116,15:21:46,57.60,75,119375
20221116,15:21:48,57.40,75,119375
20221116,15:21:56,57.95,75,119375
20221116,15:21:58,58.25,100,119375
20221116,15:22:01,58.60,150,119375
20221116,15:22:03,58.50,50,119375
20221116,15:22:06,58.65,75,119375
20221116,15:22:08,58.70,25,119375
20221116,15:22:11,59.10,25,119375
20221116,15:22:13,59.30,75,119375
20221116,15:22:16,59.05,25,119375
20221116,15:22:21,59.15,50,119375
20221116,15:22:23,59.20,25,119375
20221116,15:22:31,59.00,75,119375
20221116,15:22:33,59.10,125,119375
20221116,15:22:36,59.15,75,119375
20221116,15:22:38,59.30,25,119375
20221116,15:22:43,59.60,100,119375
20221116,15:22:51,59.55,400,119375
20221116,15:22:53,59.55,25,119375
20221116,15:22:56,59.65,250,119375
20221116,15:23:08,59.75,150,119375
20221116,15:23:16,59.20,325,119375
20221116,15:23:18,58.95,625,119375
20221116,15:23:23,59.15,25,119375
20221116,15:23:28,59.10,275,119375
20221116,15:23:31,59.65,50,119375
20221116,15:23:33,59.40,25,119375
20221116,15:23:36,59.35,75,119375
20221116,15:23:38,59.25,75,119375
20221116,15:23:41,59.45,100,119375
20221116,15:23:43,59.60,50,119375
20221116,15:23:46,59.45,475,119375
20221116,15:23:48,59.40,575,119375
20221116,15:23:51,59.05,25,119375
20221116,15:23:53,59.20,50,119375
20221116,15:23:56,59.35,75,119375
20221116,15:23:58,59.30,100,119375
20221116,15:24:01,59.05,450,119375
20221116,15:24:03,59.05,25,119375
20221116,15:24:06,58.75,75,119375
20221116,15:24:08,58.85,100,119375
20221116,15:24:11,58.65,50,119375
20221116,15:24:13,58.90,250,119375
20221116,15:24:16,58.80,450,119375
20221116,15:24:18,58.85,75,119375
20221116,15:24:21,58.70,25,119375
20221116,15:24:23,58.55,375,119375
20221116,15:24:26,58.40,25,119375
20221116,15:24:28,58.50,25,119375
20221116,15:24:31,58.60,25,119375
20221116,15:24:33,58.45,150,121350
20221116,15:24:35,58.70,125,121350
20221116,15:24:38,58.45,550,121350
20221116,15:24:43,58.20,50,121350
20221116,15:24:48,58.25,250,121350
20221116,15:24:53,58.20,150,121350
20221116,15:24:55,58.55,25,121350
20221116,15:24:58,58.45,175,121350
20221116,15:25:03,58.25,100,121350
20221116,15:25:05,58.30,25,121350
20221116,15:25:08,58.30,300,121350
20221116,15:25:13,58.20,250,121350
20221116,15:25:15,58.35,400,121350
20221116,15:25:18,58.35,200,121350
20221116,15:25:20,58.15,75,121350
20221116,15:25:23,58.35,100,121350
20221116,15:25:25,58.40,150,121350
20221116,15:25:28,58.55,250,121350
20221116,15:25:33,58.15,200,121350
20221116,15:25:35,58.05,50,121350
20221116,15:25:38,58.00,350,121350
20221116,15:25:40,57.95,25,121350
20221116,15:25:43,57.75,250,121350
20221116,15:25:45,58.05,50,121350
20221116,15:25:50,58.20,50,121350
20221116,15:25:53,58.30,1125,121350
20221116,15:25:55,58.20,700,121350
20221116,15:25:58,58.10,275,121350
20221116,15:26:00,58.05,1550,121350
20221116,15:26:03,58.95,550,121350
20221116,15:26:05,58.50,50,121350
20221116,15:26:10,58.75,450,121350
20221116,15:26:13,58.70,25,121350
20221116,15:26:15,59.00,25,121350
20221116,15:26:18,58.95,125,121350
20221116,15:26:20,58.85,25,121350
20221116,15:26:25,58.90,25,121350
20221116,15:26:38,58.35,775,121350
20221116,15:26:41,58.75,25,121350
20221116,15:26:43,58.45,175,121350
20221116,15:26:48,58.20,50,121350
20221116,15:26:51,58.10,50,121350
20221116,15:26:53,58.40,100,121350
20221116,15:26:58,58.80,275,121350
20221116,15:27:01,58.95,375,121350
20221116,15:27:03,58.95,50,121350
20221116,15:27:06,58.70,150,121350
20221116,15:27:08,58.70,525,121350
20221116,15:27:11,58.70,400,121350
20221116,15:27:13,58.75,175,121350
20221116,15:27:16,58.70,225,121350
20221116,15:27:18,58.90,25,121350
20221116,15:27:21,58.55,1100,121350
20221116,15:27:23,58.45,200,121350
20221116,15:27:26,58.40,75,121350
20221116,15:27:28,58.60,125,121350
20221116,15:27:31,58.45,75,121350
20221116,15:27:38,58.10,150,126150
20221116,15:27:41,58.10,225,126150
20221116,15:27:43,58.10,250,126150
20221116,15:27:46,58.20,325,126150
20221116,15:27:48,58.20,475,126150
20221116,15:27:51,58.45,50,126150
20221116,15:27:53,58.30,50,126150
20221116,15:27:56,58.20,200,126150
20221116,15:27:58,58.35,675,126150
20221116,15:28:01,58.10,1000,126150
20221116,15:28:03,58.40,225,126150
20221116,15:28:06,58.10,75,126150
20221116,15:28:08,58.65,25,126150
20221116,15:28:11,57.90,175,126150
20221116,15:28:13,57.95,75,126150
20221116,15:28:16,57.95,75,126150
20221116,15:28:18,57.80,100,126150
20221116,15:28:21,57.15,625,126150
20221116,15:28:23,57.45,150,126150
20221116,15:28:26,57.20,250,126150
20221116,15:28:34,56.85,25,126150
20221116,15:28:36,57.10,150,126150
20221116,15:28:39,57.25,250,126150
20221116,15:28:41,57.05,25,126150
20221116,15:28:44,56.80,25,126150
20221116,15:28:46,57.75,500,126150
20221116,15:28:49,57.70,25,126150
20221116,15:28:51,57.00,75,126150
20221116,15:28:54,57.40,125,126150
20221116,15:29:01,57.45,100,126150
20221116,15:29:04,56.90,675,126150
20221116,15:29:06,56.95,350,126150
20221116,15:29:09,57.30,525,126150
20221116,15:29:11,57.15,150,126150
20221116,15:29:14,56.55,25,126150
20221116,15:29:16,56.85,100,126150
20221116,15:29:19,57.00,675,126150
20221116,15:29:21,56.15,850,126150
20221116,15:29:24,56.35,175,126150
20221116,15:29:26,55.85,850,126150
20221116,15:29:29,56.55,1250,126150
20221116,15:29:31,55.90,350,126150
20221116,15:29:34,55.65,125,126150
20221116,15:29:39,55.65,75,126150
20221116,15:29:41,55.65,25,126150
20221116,15:29:46,55.35,75,126150
20221116,15:29:49,55.00,50,126150
20221116,15:29:51,55.15,125,126150
20221116,15:29:54,54.90,50,126150
20221116,15:29:56,54.90,25,126150
20221116,15:29:59,58.00,100,126150
