20221125,10:25:41,0.05,1,0
20221125,10:25:41,0.05,1800,0
20221125,10:26:04,3.05,1800,0
20221125,11:22:03,3.05,900,0
